Burlington2006   Burlington_VA  2006
'Rating type, # raw ballots, # processed, final # combined: '  0      9789      9789       400
'# candidates to be elected, # reduced, original #: '  2  5  6
'Max # ranked or rated, max # rating levels, undervote penalty: '  5  5  1
'Original candidates, as reordered: '  3  4  2  1  5
'Weak ranking point values: '  10.00   7.00   4.50   2.50   1.00
    417    2  1  2  0  0  0  2  1  5  0  0  0
    258    2  1  5  0  0  0  2  1  5  0  0  0
     81    3  1  2  3  0  0  3  1  3  5  0  0
     72    2  1  3  0  0  0  2  1  5  0  0  0
     58    2  1  2  0  0  0  2  2  5  0  0  0
     58    3  1  3  2  0  0  3  1  3  5  0  0
     53    2  2  1  0  0  0  2  1  5  0  0  0
     37    3  1  2  5  0  0  3  1  3  5  0  0
     23    3  1  2  4  0  0  3  1  3  5  0  0
     21    2  1  2  0  0  0  2  2  3  0  0  0
     18    3  2  1  3  0  0  3  1  3  5  0  0
     18    3  1  5  2  0  0  3  1  3  5  0  0
     15    2  1  4  0  0  0  2  1  5  0  0  0
     15    5  1  3  2  4  5  5  1  1  4  5  5
     14    2  1  5  0  0  0  2  2  4  0  0  0
     14    5  1  2  4  5  3  5  1  1  4  5  5
     14    5  1  2  3  5  4  5  1  1  4  5  5
     14    5  1  2  5  4  3  5  1  1  4  5  5
     13    5  1  2  5  3  4  5  1  1  4  5  5
     13    3  3  1  2  0  0  3  1  3  5  0  0
     12    5  1  3  2  5  4  5  1  1  4  5  5
     11    5  1  2  3  4  5  5  1  2  3  4  5
     11    3  1  3  2  0  0  3  2  2  5  0  0
     10    2  1  3  0  0  0  2  2  5  0  0  0
     10    5  1  2  4  5  3  5  1  2  3  4  5
     10    5  1  2  5  4  3  5  1  2  2  5  5
     10    3  1  2  3  0  0  3  2  2  5  0  0
      9    3  1  4  2  0  0  3  1  3  5  0  0
      9    2  3  1  0  0  0  2  1  5  0  0  0
      9    5  1  4  2  5  3  5  1  1  4  5  5
      9    3  1  3  5  0  0  3  1  3  5  0  0
      9    5  1  2  3  4  5  5  1  1  4  5  5
      9    2  1  2  0  0  0  2  2  4  0  0  0
      8    5  1  2  3  5  4  5  1  2  3  4  5
      8    3  1  4  5  0  0  3  1  3  5  0  0
      8    5  1  2  5  4  3  5  1  2  3  4  5
      8    5  1  2  4  3  5  5  1  1  4  5  5
      8    4  1  2  3  4  0  4  1  2  4  5  0
      8    5  1  3  4  2  5  5  1  1  4  5  5
      7    5  1  5  2  4  3  5  1  1  4  5  5
      7    2  1  5  0  0  0  2  2  3  0  0  0
      7    5  1  3  2  5  4  5  1  2  3  4  5
      7    5  1  2  5  4  3  5  1  1  4  4  5
      7    3  1  5  4  0  0  3  1  3  5  0  0
      7    5  1  5  4  2  3  5  1  1  4  5  5
      7    2  2  1  0  0  0  2  2  3  0  0  0
      6    5  1  5  2  3  4  5  1  1  4  5  5
      6    5  1  3  5  4  2  5  1  1  4  5  5
      6    5  1  2  3  5  4  5  1  2  2  5  5
      6    3  1  2  4  0  0  3  2  2  5  0  0
      6    5  1  2  3  5  4  5  1  1  3  5  5
      6    3  1  3  4  0  0  3  1  3  5  0  0
      6    5  1  3  2  4  5  5  1  2  3  4  5
      6    2  1  3  0  0  0  2  2  3  0  0  0
      6    5  1  4  5  2  3  5  1  1  4  5  5
      6    3  1  5  3  0  0  3  1  3  5  0  0
      6    5  1  2  5  3  4  5  1  2  3  4  5
      5    5  1  2  5  3  4  5  1  1  3  5  5
      5    5  1  3  4  5  2  5  1  1  4  5  5
      5    5  1  3  2  5  4  5  1  1  3  5  5
      5    5  1  2  3  4  5  5  1  1  4  4  5
      5    3  1  2  3  0  0  3  2  3  3  0  0
      5    2  1  2  0  0  0  2  3  3  0  0  0
      5    5  1  3  5  2  4  5  1  1  4  5  5
      5    5  1  2  3  5  4  5  1  1  4  4  5
      5    5  1  3  2  5  4  5  1  2  2  5  5
      5    5  1  4  5  3  2  5  1  1  4  5  5
      5    5  1  2  4  3  5  5  1  2  3  4  5
      5    4  1  2  4  3  0  4  1  2  4  5  0
      4    2  1  5  0  0  0  2  1  4  0  0  0
      4    4  1  2  3  4  0  4  1  2  5  5  0
      4    5  1  2  5  3  4  5  1  2  2  5  5
      4    5  1  2  3  4  5  5  1  1  3  5  5
      4    2  3  1  0  0  0  2  2  3  0  0  0
      4    5  1  5  4  3  2  5  1  2  3  4  5
      4    2  2  1  0  0  0  2  2  4  0  0  0
      4    5  1  2  3  4  5  5  2  2  2  4  5
      4    5  1  2  5  4  3  5  1  1  3  5  5
      4    5  1  5  2  4  3  5  1  2  3  4  5
      4    5  1  3  2  5  4  5  1  1  4  4  5
      4    5  1  2  4  5  3  5  1  1  3  5  5
      4    5  2  1  3  5  4  5  1  2  3  4  5
      4    3  1  2  3  0  0  3  2  3  4  0  0
      4    5  1  4  5  2  3  5  1  2  3  4  5
      4    2  1  2  0  0  0  2  1  4  0  0  0
      4    5  1  4  3  5  2  5  1  1  4  5  5
      4    5  1  5  3  4  2  5  1  2  3  4  5
      4    5  1  5  3  4  2  5  1  1  4  5  5
      4    2  5  1  0  0  0  2  1  5  0  0  0
      3    5  1  2  5  4  3  5  1  3  3  3  5
      3    5  2  1  3  5  4  5  1  2  2  5  5
      3    3  1  5  4  0  0  3  2  2  5  0  0
      3    5  2  1  4  5  3  5  1  1  4  5  5
      3    4  1  2  4  5  0  4  1  2  5  5  0
      3    4  1  2  5  4  0  4  1  2  4  5  0
      3    4  1  3  2  4  0  4  1  3  3  5  0
      3    5  2  1  5  4  3  5  1  2  3  4  5
      3    3  1  4  3  0  0  3  1  3  5  0  0
      3    4  1  2  5  4  0  4  1  2  5  5  0
      3    2  1  5  0  0  0  2  3  3  0  0  0
      3    5  1  3  5  4  2  5  1  2  3  4  5
      3    4  1  2  4  5  0  4  1  2  4  5  0
      3    3  1  2  3  0  0  3  1  4  4  0  0
      3    2  1  5  0  0  0  2  2  5  0  0  0
      3    4  1  2  4  3  0  4  1  2  5  5  0
      3    4  1  2  5  4  0  4  1  3  3  5  0
      3    5  1  5  4  3  2  5  1  1  4  5  5
      3    5  1  3  4  5  2  5  1  2  3  4  5
      3    5  1  4  5  3  2  5  1  2  3  4  5
      3    4  1  5  3  4  0  4  1  2  4  5  0
      3    5  1  3  5  2  4  5  1  2  2  5  5
      3    5  1  5  3  2  4  5  1  2  3  4  5
      3    5  1  5  2  3  4  5  1  1  3  5  5
      3    5  1  2  3  5  4  5  1  2  4  4  4
      3    5  4  1  5  3  2  5  1  2  2  5  5
      3    3  1  3  4  0  0  3  2  2  5  0  0
      3    5  1  3  4  5  2  5  1  2  2  5  5
      3    3  1  2  5  0  0  3  2  2  5  0  0
      2    3  2  1  5  0  0  3  2  3  4  0  0
      2    5  3  1  2  4  5  5  1  2  2  5  5
      2    3  4  1  2  0  0  3  2  3  3  0  0
      2    3  5  1  2  0  0  3  1  3  5  0  0
      2    5  1  3  5  4  2  5  1  3  3  3  5
      2    5  2  1  5  4  3  5  1  1  4  4  5
      2    5  1  3  5  4  2  5  1  3  3  4  4
      2    5  3  1  4  5  2  5  1  1  4  4  5
      2    4  1  3  4  5  0  4  2  2  3  5  0
      2    5  1  5  2  3  4  5  1  2  2  5  5
      2    5  1  2  5  4  3  5  2  2  3  3  4
      2    5  1  4  2  5  3  5  1  1  3  5  5
      2    4  1  5  2  4  0  4  1  2  4  5  0
      2    4  1  5  2  4  0  4  2  2  3  5  0
      2    2  1  4  0  0  0  2  2  5  0  0  0
      2    5  1  2  3  4  5  5  1  3  3  3  5
      2    4  1  3  4  2  0  4  1  2  4  5  0
      2    5  1  2  3  5  4  5  1  3  3  3  5
      2    5  1  3  4  5  2  5  1  1  3  5  5
      2    5  1  5  4  2  3  5  1  2  4  4  4
      2    5  1  2  4  5  3  5  1  2  2  5  5
      2    5  1  2  4  3  5  5  1  1  3  5  5
      2    4  1  3  4  5  0  4  1  3  3  5  0
      2    3  1  2  3  0  0  3  3  3  3  0  0
      2    3  2  1  4  0  0  3  1  3  5  0  0
      2    2  1  3  0  0  0  2  3  3  0  0  0
      2    4  2  1  3  4  0  4  1  2  4  5  0
      2    5  1  3  4  2  5  5  1  2  3  4  5
      2    5  1  3  5  2  4  5  1  1  3  5  5
      2    3  3  1  2  0  0  3  2  3  3  0  0
      2    5  1  3  4  2  5  5  1  2  2  5  5
      2    2  1  3  0  0  0  2  2  4  0  0  0
      2    3  4  1  3  0  0  3  1  3  5  0  0
      2    4  2  1  4  3  0  4  1  2  4  5  0
      2    5  1  5  4  2  3  5  1  2  2  5  5
      2    5  1  5  2  3  4  5  1  2  3  4  5
      2    2  5  1  0  0  0  2  2  3  0  0  0
      2    4  1  3  2  5  0  4  1  2  4  5  0
      2    5  1  4  3  5  2  5  1  2  3  4  5
      2    5  1  2  5  4  3  5  2  2  2  4  5
      2    5  1  2  3  4  5  5  1  2  2  5  5
      2    5  1  4  3  2  5  5  1  1  4  5  5
      2    3  1  3  2  0  0  3  2  3  3  0  0
      2    3  1  4  2  0  0  3  2  2  5  0  0
      2    5  5  1  2  4  3  5  1  1  3  5  5
      2    5  1  2  5  3  4  5  2  2  2  4  5
      2    5  2  1  5  3  4  5  1  2  2  5  5
      2    5  1  5  2  4  3  5  1  2  2  5  5
      2    4  1  3  5  4  0  4  1  2  5  5  0
      2    5  1  5  4  2  3  5  1  2  3  4  5
      2    4  1  3  2  4  0  4  1  2  4  5  0
      2    4  1  2  4  3  0  4  1  3  4  4  0
      2    4  1  2  3  4  0  4  1  1  5  5  0
      2    4  3  1  2  4  0  4  1  2  4  5  0
      2    5  1  5  3  4  2  5  1  1  3  5  5
      2    5  1  4  2  3  5  5  1  1  4  5  5
      2    5  1  3  5  2  4  5  1  2  3  4  5
      2    4  1  5  4  3  0  4  1  2  4  5  0
      2    4  1  5  4  3  0  4  1  2  5  5  0
      2    5  1  4  2  5  3  5  1  1  4  4  5
      2    3  2  1  3  0  0  3  2  3  3  0  0
      1    5  2  1  5  4  3  5  1  1  4  5  5
      1    4  1  2  5  3  0  4  1  3  3  5  0
      1    4  1  3  2  5  0  4  1  1  5  5  0
      1    4  1  2  3  5  0  4  1  2  5  5  0
      1    3  3  1  2  0  0  3  2  3  4  0  0
      1    4  2  1  3  4  0  4  1  2  5  5  0
      1    5  1  2  5  3  4  5  1  3  3  4  4
      1    5  1  4  5  3  2  5  1  2  2  5  5
      1    5  5  1  2  4  3  5  1  2  4  4  4
      1    5  5  1  4  3  2  5  1  2  4  4  4
      1    5  5  1  2  4  3  5  1  1  4  4  5
      1    4  1  2  5  4  0  4  1  1  5  5  0
      1    4  1  2  5  3  0  4  1  2  5  5  0
      1    4  1  4  2  5  0  4  1  3  3  5  0
      1    5  2  1  3  4  5  5  1  1  3  5  5
      1    4  1  2  4  5  0  4  1  3  4  4  0
      1    3  1  5  2  0  0  3  2  3  3  0  0
      1    5  1  5  4  2  3  5  1  3  3  3  5
      1    2  1  3  0  0  0  2  1  4  0  0  0
      1    4  4  1  3  5  0  4  1  2  4  5  0
      1    5  1  5  4  3  2  5  1  2  2  5  5
      1    5  1  2  4  5  3  5  1  3  3  4  4
      1    4  1  4  5  3  0  4  1  2  4  5  0
      1    5  1  3  4  2  5  5  1  1  3  5  5
      1    5  1  5  4  3  2  5  1  3  3  3  5
      1    3  1  2  4  0  0  3  2  3  4  0  0
      1    5  3  5  1  2  4  5  1  1  4  5  5
      1    5  2  3  5  1  4  5  1  2  3  4  5
      1    3  1  4  2  0  0  3  2  3  3  0  0
      1    5  1  2  4  3  5  5  1  1  2  5  5
      1    5  1  3  4  2  5  5  1  3  3  4  4
      1    5  1  2  4  5  3  5  1  1  4  4  5
      1    5  1  4  5  2  3  5  1  3  3  3  5
      1    3  2  3  1  0  0  3  1  3  5  0  0
      1    4  1  4  2  3  0  4  1  3  4  4  0
      1    3  1  2  4  0  0  3  3  3  3  0  0
      1    5  1  2  5  3  4  5  1  1  4  4  5
      1    5  5  1  4  3  2  5  1  1  3  5  5
      1    4  3  1  5  2  0  4  1  2  5  5  0
      1    5  2  4  1  5  3  5  1  2  3  4  5
      1    5  2  1  3  4  5  5  1  2  3  4  5
      1    3  2  1  4  0  0  3  2  3  3  0  0
      1    3  1  4  5  0  0  3  1  4  4  0  0
      1    5  5  1  2  4  3  5  1  2  3  4  5
      1    4  4  3  2  1  0  4  2  2  3  5  0
      1    5  1  3  2  4  5  5  1  3  3  3  5
      1    5  1  4  5  2  3  5  2  2  2  4  5
      1    5  1  5  4  2  3  5  2  2  3  3  5
      1    4  1  3  5  4  0  4  1  2  4  5  0
      1    5  3  1  5  2  4  5  1  2  3  4  5
      1    4  1  4  5  2  0  4  1  2  4  5  0
      1    4  1  4  5  2  0  4  1  2  5  5  0
      1    5  1  3  2  5  4  5  1  1  2  5  5
      1    5  1  4  5  2  3  5  1  1  3  5  5
      1    5  3  2  1  5  4  5  1  1  4  5  5
      1    5  2  1  4  5  3  5  1  2  2  5  5
      1    5  1  4  5  2  3  5  1  1  4  4  5
      1    5  1  5  3  2  4  5  1  1  3  5  5
      1    5  1  5  2  3  4  5  1  1  4  4  5
      1    5  3  5  1  4  2  5  1  1  3  5  5
      1    5  1  4  5  2  3  5  1  2  2  5  5
      1    4  1  4  2  3  0  4  2  2  3  5  0
      1    4  2  1  5  4  0  4  1  3  3  5  0
      1    5  1  2  3  5  4  5  2  2  3  3  4
      1    5  5  1  2  3  4  5  1  2  3  4  5
      1    5  1  3  4  2  5  5  1  2  4  4  4
      1    5  1  3  2  5  4  5  1  2  3  4  4
      1    3  4  1  5  0  0  3  2  3  3  0  0
      1    5  5  1  4  2  3  5  1  2  3  4  5
      1    4  5  1  2  3  0  4  1  2  4  5  0
      1    4  1  2  5  4  0  4  2  2  3  5  0
      1    4  1  5  4  2  0  4  2  2  3  5  0
      1    3  1  5  3  0  0  3  2  2  5  0  0
      1    3  4  2  1  0  0  3  1  3  5  0  0
      1    5  1  5  2  4  3  5  1  1  3  5  5
      1    4  1  2  4  5  0  4  1  3  3  5  0
      1    4  4  1  3  2  0  4  1  2  5  5  0
      1    4  1  4  2  5  0  4  1  2  4  5  0
      1    5  1  4  5  2  3  5  1  2  4  4  4
      1    5  1  5  2  3  4  5  1  2  4  4  4
      1    3  1  3  2  0  0  3  1  3  4  0  0
      1    5  1  4  5  3  2  5  1  1  4  4  5
      1    5  1  3  5  4  2  5  1  1  3  5  5
      1    4  1  3  2  5  0  4  1  2  5  5  0
      1    5  3  1  5  4  2  5  1  2  3  4  5
      1    4  2  3  1  4  0  4  2  2  3  5  0
      1    4  1  3  2  4  0  4  1  3  4  4  0
      1    5  3  4  1  5  2  5  1  2  3  4  5
      1    4  1  4  2  5  0  4  1  1  4  5  0
      1    5  3  1  2  4  5  5  1  2  4  4  4
      1    4  1  2  5  3  0  4  1  1  5  5  0
      1    5  1  5  3  2  4  5  2  2  2  4  5
      1    4  1  2  5  3  0  4  1  2  4  5  0
      1    5  5  1  4  2  3  5  1  1  4  4  5
      1    4  1  3  4  5  0  4  1  2  5  5  0
      1    5  3  1  5  4  2  5  1  1  4  4  5
      1    3  1  3  5  0  0  3  2  2  5  0  0
      1    3  1  3  5  0  0  3  2  3  3  0  0
      1    4  1  2  3  5  0  4  1  3  3  5  0
      1    5  5  1  3  2  4  5  1  2  2  5  5
      1    5  2  4  1  5  3  5  2  2  3  3  4
      1    5  1  3  5  4  2  5  1  2  4  4  4
      1    3  1  5  2  0  0  3  2  2  5  0  0
      1    4  1  3  5  2  0  4  1  2  4  5  0
      1    4  1  2  4  5  0  4  2  2  4  4  0
      1    4  1  3  5  4  0  4  1  3  3  5  0
      1    5  1  4  3  2  5  5  1  1  3  5  5
      1    3  1  2  5  0  0  3  2  3  4  0  0
      1    4  5  4  1  2  0  4  1  2  4  5  0
      1    5  1  4  3  2  5  5  1  2  3  4  5
      1    5  2  1  3  4  5  5  1  2  4  4  4
      1    4  1  3  2  5  0  4  1  3  4  4  0
      1    3  3  1  5  0  0  3  2  3  3  0  0
      1    5  1  3  2  5  4  5  2  2  2  4  5
      1    3  1  4  3  0  0  3  2  3  4  0  0
      1    5  4  1  5  3  2  5  1  1  3  5  5
      1    4  1  5  2  3  0  4  1  2  4  5  0
      1    5  4  1  2  3  5  5  1  2  3  4  5
      1    5  1  2  5  3  4  5  1  2  4  4  4
      1    5  1  3  2  4  5  5  1  1  4  4  5
      1    5  1  4  3  5  2  5  1  2  4  4  4
      1    5  1  3  5  2  4  5  1  3  3  4  4
      1    5  2  5  1  4  3  5  1  2  3  4  5
      1    4  1  5  4  2  0  4  1  3  3  5  0
      1    4  2  3  1  4  0  4  1  1  5  5  0
      1    5  3  1  2  5  4  5  1  1  4  4  5
      1    4  1  5  4  3  0  4  1  1  4  5  0
      1    5  1  3  5  4  2  5  1  2  3  4  4
      1    5  3  1  5  4  2  5  1  2  2  5  5
      1    4  1  4  3  2  0  4  1  2  4  5  0
      1    4  1  4  3  5  0  4  1  1  5  5  0
      1    5  3  2  1  4  5  5  2  2  3  3  5
      1    2  1  4  0  0  0  2  2  3  0  0  0
      1    5  1  3  5  2  4  5  2  2  2  4  5
      1    5  1  3  2  4  5  5  1  1  2  5  5
      1    5  1  2  4  3  5  5  1  2  2  5  5
      1    5  2  1  5  3  4  5  1  2  3  4  5
      1    5  2  4  1  5  3  5  1  1  4  5  5
      1    5  1  4  5  3  2  5  1  1  3  5  5
      1    4  1  2  4  5  0  4  1  3  3  4  0
      1    3  4  5  1  0  0  3  2  2  5  0  0
      1    5  1  2  5  4  3  5  1  3  3  4  4
      1    3  1  5  4  0  0  3  2  3  4  0  0
      1    3  1  4  5  0  0  3  2  3  3  0  0
      1    2  4  1  0  0  0  2  2  4  0  0  0
      1    5  1  5  4  2  3  5  1  1  4  4  5
      1    5  4  1  5  2  3  5  1  2  3  4  5
      1    5  1  3  4  2  5  5  2  2  2  4  5
      1    3  5  1  3  0  0  3  1  3  5  0  0
      1    4  1  5  3  2  0  4  1  2  4  5  0
      1    4  1  4  3  2  0  4  1  2  5  5  0
      1    4  1  4  2  3  0  4  1  2  5  5  0
      1    3  2  5  1  0  0  3  2  3  4  0  0
      1    4  1  3  4  2  0  4  1  3  3  5  0
      1    5  1  5  3  2  4  5  1  1  4  5  5
      1    4  4  1  5  2  0  4  1  2  4  5  0
      1    5  2  3  1  4  5  5  1  2  3  4  5
      1    4  1  5  2  4  0  4  1  1  5  5  0
      1    5  3  1  5  2  4  5  1  3  3  4  4
      1    5  1  3  4  5  2  5  1  1  4  4  5
      1    5  2  4  5  1  3  5  2  2  2  4  5
      1    5  1  2  5  4  3  5  1  2  4  4  4
      1    5  1  3  2  5  4  5  1  3  3  3  5
      1    5  1  5  4  2  3  5  1  1  3  5  5
      1    5  2  3  1  4  5  5  1  1  3  5  5
      1    5  5  1  4  2  3  5  1  2  2  5  5
      1    4  2  1  5  4  0  4  1  2  4  5  0
      1    5  2  1  4  5  3  5  1  2  3  4  5
      1    4  3  1  5  4  0  4  1  2  4  5  0
      1    2  4  1  0  0  0  2  1  5  0  0  0
      1    4  1  4  3  2  0  4  1  3  3  5  0
      1    5  1  3  4  2  5  5  1  3  3  3  5
      1    5  3  1  4  2  5  5  1  2  3  4  5
      1    5  1  3  2  4  5  5  1  1  3  5  5
      1    5  3  1  2  5  4  5  1  2  3  4  5
      1    3  1  3  2  0  0  3  1  4  4  0  0
      1    5  1  2  4  5  3  5  1  3  3  3  5
      1    5  5  4  1  2  3  5  1  1  2  5  5
      1    3  5  4  1  0  0  3  2  2  5  0  0
      1    4  1  3  5  2  0  4  1  1  5  5  0
      1    5  4  1  3  5  2  5  1  3  3  3  5
      1    4  1  3  4  5  0  4  1  2  4  5  0
      1    5  1  2  4  5  3  5  2  2  3  3  5
      1    5  3  2  1  5  4  5  1  1  3  5  5
      1    5  3  1  5  2  4  5  1  1  3  5  5
      1    5  1  5  3  2  4  5  1  3  3  4  4
      1    3  3  2  1  0  0  3  2  3  4  0  0
      1    3  3  4  1  0  0  3  1  3  5  0  0
      1    5  5  1  2  4  3  5  1  2  2  5  5
      1    2  2  1  0  0  0  2  1  4  0  0  0
      1    5  5  1  4  2  3  5  1  1  4  5  5
      1    3  4  1  2  0  0  3  2  3  4  0  0
      1    5  1  5  3  4  2  5  1  2  2  5  5
      1    3  1  2  5  0  0  3  1  4  4  0  0
      1    4  1  5  4  2  0  4  1  2  5  5  0
      1    5  1  5  3  2  4  5  1  2  2  5  5
      1    3  1  4  2  0  0  3  2  3  4  0  0
      1    4  1  2  4  5  0  4  2  3  3  3  0
      1    3  1  5  2  0  0  3  1  4  4  0  0
      1    4  1  5  2  3  0  4  1  2  5  5  0
      1    3  1  3  4  0  0  3  3  3  3  0  0
      1    5  1  3  5  2  4  5  1  1  4  4  5
      1    5  2  1  4  5  3  5  1  1  4  4  5
      1    4  4  1  2  5  0  4  1  2  4  5  0
      1    3  1  3  2  0  0  3  2  3  4  0  0
      1    4  1  5  2  4  0  4  1  2  5  5  0
      1    5  2  1  4  3  5  5  1  2  3  4  5
      1    4  1  3  2  4  0  4  2  2  4  4  0
      1    4  2  1  5  3  0  4  1  2  4  5  0
      1    5  1  4  3  2  5  5  1  2  4  4  4
      1    3  1  3  5  0  0  3  1  4  4  0  0
      1    3  1  2  4  0  0  3  2  3  3  0  0
      1    5  1  4  2  5  3  5  1  2  3  4  5
      1    5  3  1  2  4  5  5  1  1  4  4  5
      1    5  1  4  3  2  5  5  1  1  4  4  5
      1    4  2  1  3  4  0  4  1  3  3  5  0
      1    5  1  4  2  5  3  5  1  3  3  3  5
      1    5  1  2  3  5  4  5  2  2  2  4  5
      1    3  1  5  4  0  0  3  1  4  4  0  0
      1    5  1  2  4  3  5  5  1  3  3  4  4
      1    5  2  3  1  5  4  5  1  1  4  4  5
  0
Burlington2006
