Burlington2006   Burlington_VA  2006
'Rating type, # raw ballots, # processed, final # combined: '  1      9789      9789       400
'# candidates to be elected, # reduced, original #: '  2  5  6
'Max # ranked or rated, max # rating levels, undervote penalty: '  5  5  1
'Original candidates, as reordered: '  3  4  2  1  5

'           Rating data: '
'Max # pos & neg ratings: '  3  2
'Rating point values: '  10.00   5.56   2.22  -4.00 -10.00
    658    2  1  2  0  0  0  1  1  5  0  0  0
    382    2  1  5  0  0  0  1  1  5  0  0  0
    153    2  1  2  0  0  0  1  2  4  0  0  0
    130    3  1  2  3  0  0  2  1  3  5  0  0
    111    2  1  3  0  0  0  1  1  5  0  0  0
     87    3  1  3  2  0  0  2  1  3  5  0  0
     84    2  2  1  0  0  0  1  1  5  0  0  0
     49    3  1  2  5  0  0  2  1  3  5  0  0
     35    2  1  5  0  0  0  1  2  4  0  0  0
     34    3  1  2  4  0  0  2  1  3  5  0  0
     29    5  1  2  3  5  4  3  1  1  3  5  5
     29    5  1  2  5  4  3  3  1  1  3  5  5
     28    2  1  3  0  0  0  1  2  4  0  0  0
     26    5  1  3  2  5  4  3  1  1  3  5  5
     25    3  1  5  2  0  0  2  1  3  5  0  0
     25    5  1  2  3  4  5  3  1  1  3  5  5
     24    5  1  2  4  5  3  3  1  1  3  5  5
     22    3  2  1  3  0  0  2  1  3  5  0  0
     21    5  1  3  2  4  5  3  1  1  3  5  5
     20    3  1  4  2  0  0  2  1  3  5  0  0
     20    5  1  2  5  3  4  3  1  1  3  5  5
     20    2  2  1  0  0  0  1  2  4  0  0  0
     18    2  1  4  0  0  0  1  1  5  0  0  0
     18    3  1  2  3  0  0  2  2  2  5  0  0
     16    5  1  2  4  5  3  3  1  2  3  5  5
     15    5  1  5  2  4  3  3  1  1  3  5  5
     15    3  3  1  2  0  0  2  1  3  5  0  0
     14    5  1  2  5  3  4  3  1  2  3  5  5
     14    2  3  1  0  0  0  1  1  5  0  0  0
     14    5  1  4  2  5  3  3  1  1  3  5  5
     14    3  1  3  2  0  0  2  2  2  5  0  0
     14    5  1  2  4  3  5  3  1  1  3  5  5
     14    3  1  3  4  0  0  2  1  3  5  0  0
     14    3  1  5  4  0  0  2  1  3  5  0  0
     14    2  1  2  0  0  0  1  3  4  0  0  0
     13    3  1  2  3  0  0  2  2  3  5  0  0
     12    5  1  5  2  3  4  3  1  1  3  5  5
     12    5  1  3  5  4  2  3  1  1  3  5  5
     12    5  1  3  2  5  4  3  1  2  3  5  5
     12    3  1  3  5  0  0  2  1  3  5  0  0
     12    5  1  2  5  4  3  3  1  2  2  5  5
     11    2  1  5  0  0  0  1  3  4  0  0  0
     11    5  1  2  5  4  3  3  1  3  3  4  5
     11    5  1  2  5  4  3  3  1  2  3  5  5
     11    5  1  3  5  2  4  3  1  1  3  5  5
     10    5  1  2  3  4  5  3  1  2  3  5  5
     10    3  1  4  5  0  0  2  1  3  5  0  0
     10    5  1  3  4  5  2  3  1  1  3  5  5
     10    5  1  3  4  2  5  3  1  1  3  5  5
     10    5  1  5  4  2  3  3  1  1  3  5  5
     10    5  1  4  5  2  3  3  1  1  3  5  5
      9    5  1  2  3  5  4  3  1  3  3  4  5
      9    5  1  2  3  5  4  3  1  2  3  5  5
      9    4  1  2  3  4  0  2  1  2  4  5  0
      9    3  1  5  3  0  0  2  1  3  5  0  0
      8    5  1  4  5  2  3  3  1  2  3  5  5
      7    4  1  2  3  4  0  2  1  1  5  5  0
      7    5  1  2  3  5  4  3  1  2  2  5  5
      7    5  1  3  2  4  5  3  1  2  3  5  5
      7    5  1  2  4  3  5  3  1  2  3  5  5
      7    5  1  4  5  3  2  3  1  1  3  5  5
      7    3  1  2  5  0  0  2  2  2  5  0  0
      6    5  1  2  5  3  4  3  1  2  2  5  5
      6    2  3  1  0  0  0  1  2  4  0  0  0
      6    3  1  2  4  0  0  2  2  2  5  0  0
      6    5  1  4  2  5  3  3  1  2  3  5  5
      6    2  1  4  0  0  0  1  2  4  0  0  0
      6    5  1  2  4  5  3  3  1  3  3  4  5
      6    5  1  3  4  5  2  3  1  2  3  5  5
      6    3  1  4  3  0  0  2  1  3  5  0  0
      6    5  1  3  5  4  2  3  1  2  3  5  5
      6    4  1  2  4  5  0  2  1  2  4  5  0
      6    5  1  4  3  5  2  3  1  1  3  5  5
      6    5  1  5  3  4  2  3  1  2  3  5  5
      6    5  1  3  2  5  4  3  1  2  2  5  5
      5    5  1  3  5  4  2  3  1  3  3  4  5
      5    3  1  5  4  0  0  2  2  2  5  0  0
      5    5  2  1  4  5  3  3  1  1  3  5  5
      5    4  1  2  4  5  0  2  1  1  5  5  0
      5    4  1  2  5  4  0  2  1  2  4  5  0
      5    5  1  3  5  2  4  3  1  2  3  5  5
      5    5  1  4  5  3  2  3  1  2  3  5  5
      5    4  1  2  4  3  0  2  1  2  4  5  0
      4    5  1  2  5  3  4  3  1  3  3  4  5
      4    5  1  2  3  4  5  3  2  2  2  4  5
      4    4  1  2  5  4  0  2  1  1  5  5  0
      4    2  1  3  0  0  0  1  3  4  0  0  0
      4    5  2  1  3  5  4  3  1  2  3  5  5
      4    3  1  2  3  0  0  1  1  4  4  0  0
      4    4  1  2  5  4  0  2  1  3  4  5  0
      4    5  1  3  2  5  4  3  1  3  3  4  5
      4    5  1  2  3  4  5  3  1  3  3  4  5
      4    4  1  5  3  4  0  2  1  2  4  5  0
      4    5  1  3  5  2  4  3  1  2  2  5  5
      4    5  1  5  3  4  2  3  1  1  3  5  5
      4    2  5  1  0  0  0  1  1  5  0  0  0
      4    5  1  4  3  2  5  3  1  1  3  5  5
      4    3  1  3  2  0  0  2  2  3  5  0  0
      4    5  1  5  2  4  3  3  1  2  2  5  5
      4    5  1  2  4  3  5  3  1  3  3  4  5
      4    5  1  3  4  5  2  3  1  2  2  5  5
      3    5  3  1  2  4  5  3  1  2  2  5  5
      3    3  4  1  2  0  0  2  2  3  5  0  0
      3    5  2  1  5  4  3  3  1  1  3  5  5
      3    4  1  3  4  5  0  2  2  2  4  5  0
      3    3  3  1  2  0  0  2  2  3  5  0  0
      3    5  2  1  3  5  4  3  1  2  2  5  5
      3    3  1  4  5  0  0  2  2  3  5  0  0
      3    4  1  5  2  4  0  2  1  2  4  5  0
      3    5  2  1  3  4  5  3  1  2  3  5  5
      3    5  1  5  4  2  3  3  1  3  3  4  5
      3    5  1  2  4  5  3  3  1  2  2  5  5
      3    5  1  2  4  5  3  3  2  2  3  4  5
      3    5  1  4  5  2  3  3  1  3  3  4  5
      3    3  2  1  4  0  0  2  1  3  5  0  0
      3    5  5  1  2  4  3  3  1  2  3  5  5
      3    5  1  3  2  4  5  3  1  3  3  4  5
      3    5  1  3  4  2  5  3  1  3  3  4  5
      3    5  1  5  4  3  2  3  1  2  3  5  5
      3    5  1  5  3  2  4  3  1  2  3  5  5
      3    4  1  2  4  3  0  2  1  1  5  5  0
      3    5  1  2  3  5  4  3  2  2  3  4  5
      3    5  1  5  4  3  2  3  1  1  3  5  5
      3    5  1  5  2  3  4  3  1  2  3  5  5
      3    4  1  3  2  4  0  2  1  3  4  5  0
      3    5  1  2  3  4  5  3  1  2  2  5  5
      3    5  5  1  3  2  4  3  1  2  2  5  5
      3    3  1  4  2  0  0  2  2  2  5  0  0
      3    3  1  2  5  0  0  2  2  3  5  0  0
      3    5  1  2  5  3  4  3  2  2  2  4  5
      3    5  2  1  5  3  4  3  1  2  2  5  5
      3    4  1  5  2  3  0  2  1  2  4  5  0
      3    4  1  3  5  4  0  2  1  1  5  5  0
      3    5  1  5  4  2  3  3  1  2  3  5  5
      3    5  1  5  3  4  2  3  1  3  3  4  5
      3    5  1  3  2  4  5  3  2  2  3  4  5
      3    5  4  1  5  3  2  3  1  2  2  5  5
      3    3  1  3  4  0  0  2  2  2  5  0  0
      3    5  1  4  2  3  5  3  1  1  3  5  5
      3    4  1  4  2  3  0  2  1  1  5  5  0
      3    5  1  5  3  2  4  3  1  1  3  5  5
      3    4  1  5  2  4  0  2  1  1  5  5  0
      3    5  2  1  4  5  3  3  1  2  3  5  5
      3    4  1  3  4  5  0  2  1  2  4  5  0
      2    3  2  1  5  0  0  2  2  3  5  0  0
      2    3  5  1  2  0  0  2  1  3  5  0  0
      2    4  1  3  2  5  0  2  1  1  5  5  0
      2    5  3  1  4  5  2  3  1  1  3  5  5
      2    4  1  2  3  5  0  2  1  1  5  5  0
      2    5  1  5  2  3  4  3  1  2  2  5  5
      2    5  1  2  5  4  3  3  2  2  3  4  5
      2    4  1  5  2  4  0  2  2  2  4  5  0
      2    4  1  2  5  3  0  2  1  1  5  5  0
      2    4  1  3  4  2  0  2  1  2  4  5  0
      2    5  1  5  4  2  3  3  1  2  3  4  5
      2    3  1  2  4  0  0  2  2  3  5  0  0
      2    5  1  5  2  4  3  3  1  3  3  4  5
      2    3  1  4  2  0  0  2  2  3  5  0  0
      2    4  1  3  4  5  0  2  1  3  4  5  0
      2    3  1  2  4  0  0  2  3  3  4  0  0
      2    5  5  1  4  3  2  3  1  2  3  5  5
      2    3  1  2  3  0  0  2  3  3  4  0  0
      2    4  1  3  2  4  0  3  2  3  3  5  0
      2    5  2  4  1  5  3  3  2  2  3  4  5
      2    3  1  4  5  0  0  1  1  4  4  0  0
      2    4  2  1  3  4  0  2  1  2  4  5  0
      2    5  1  4  5  2  3  3  2  2  2  4  5
      2    4  1  3  5  4  0  2  1  2  4  5  0
      2    5  3  1  5  2  4  3  1  2  3  5  5
      2    4  1  4  5  2  0  2  1  1  5  5  0
      2    5  1  3  4  2  5  3  1  2  2  5  5
      2    5  1  4  5  2  3  3  1  2  2  5  5
      2    3  4  1  3  0  0  2  1  3  5  0  0
      2    4  2  1  4  3  0  2  1  2  4  5  0
      2    3  1  5  3  0  0  2  2  2  5  0  0
      2    5  1  5  2  3  4  3  1  2  3  4  5
      2    5  1  5  4  2  3  3  1  2  2  5  5
      2    5  2  1  5  4  3  3  1  2  3  5  5
      2    2  5  1  0  0  0  1  2  4  0  0  0
      2    4  1  3  2  5  0  2  1  2  4  5  0
      2    5  1  4  3  5  2  3  1  2  3  5  5
      2    4  1  4  2  5  0  2  1  1  4  5  0
      2    5  1  2  5  4  3  3  2  2  2  4  5
      2    5  1  5  3  2  4  3  2  2  2  4  5
      2    5  5  1  4  2  3  3  1  1  3  5  5
      2    4  1  3  4  5  0  2  1  1  5  5  0
      2    3  1  3  5  0  0  2  2  2  5  0  0
      2    4  1  3  5  2  0  2  1  2  4  5  0
      2    4  1  3  5  4  0  2  1  3  4  5  0
      2    5  1  4  3  2  5  3  1  2  3  5  5
      2    4  1  3  2  5  0  2  1  3  4  5  0
      2    3  3  1  5  0  0  2  2  3  5  0  0
      2    5  1  3  2  5  4  3  2  2  2  4  5
      2    5  1  2  5  3  4  3  2  2  3  4  5
      2    5  1  4  3  5  2  3  2  2  3  4  5
      2    5  1  5  2  4  3  3  2  2  3  4  5
      2    4  1  3  2  4  0  2  1  2  4  5  0
      2    5  1  3  5  2  4  3  2  2  2  4  5
      2    5  1  2  4  3  5  3  1  2  2  5  5
      2    5  2  4  1  5  3  3  1  1  3  5  5
      2    4  1  3  4  5  0  3  2  3  3  5  0
      2    4  3  1  2  4  0  2  1  2  4  5  0
      2    4  1  5  3  2  0  2  1  2  4  5  0
      2    4  1  5  4  3  0  2  1  2  4  5  0
      2    4  1  5  4  3  0  2  1  1  5  5  0
      2    5  1  2  3  5  4  3  1  2  3  4  5
      2    5  3  1  2  5  4  3  1  2  3  5  5
      2    3  1  3  2  0  0  1  1  4  4  0  0
      2    4  1  3  5  2  0  2  1  1  5  5  0
      2    5  1  5  3  2  4  3  1  3  3  4  5
      2    5  5  1  2  4  3  3  1  2  2  5  5
      2    3  2  1  3  0  0  2  2  3  5  0  0
      2    4  1  5  4  2  0  2  1  1  5  5  0
      2    3  1  5  2  0  0  1  1  4  4  0  0
      2    4  1  3  2  4  0  2  2  2  4  5  0
      2    3  1  3  5  0  0  1  1  4  4  0  0
      2    5  1  5  2  3  4  3  1  3  3  4  5
      2    5  1  3  5  4  2  3  1  2  2  5  5
      2    5  4  1  2  5  3  3  1  2  3  5  5
      2    5  1  2  5  3  4  3  2  3  3  4  4
      2    4  1  3  2  4  0  2  1  1  5  5  0
      1    4  1  2  5  3  0  2  1  3  4  5  0
      1    4  2  1  3  4  0  2  1  1  5  5  0
      1    5  1  4  5  3  2  3  1  2  2  5  5
      1    5  5  1  2  4  3  3  1  2  3  4  5
      1    5  5  1  4  3  2  3  1  2  3  4  5
      1    5  1  5  4  3  2  3  1  3  3  4  5
      1    5  5  1  2  4  3  3  1  1  3  5  5
      1    4  1  4  2  5  0  3  2  3  3  5  0
      1    5  1  2  3  4  5  3  2  3  3  4  5
      1    4  1  2  4  5  0  2  3  3  4  4  0
      1    3  1  5  2  0  0  2  2  3  5  0  0
      1    4  4  1  3  5  0  2  1  2  4  5  0
      1    5  1  5  4  3  2  3  1  2  2  5  5
      1    4  1  4  5  3  0  2  1  2  4  5  0
      1    5  1  2  3  5  4  3  2  3  3  4  5
      1    5  1  5  4  3  2  3  2  3  3  4  5
      1    5  3  5  1  2  4  3  1  1  3  5  5
      1    5  2  3  5  1  4  3  1  3  3  4  5
      1    5  1  2  4  3  5  3  1  1  2  5  5
      1    5  1  3  4  2  5  3  2  3  3  4  4
      1    3  2  3  1  0  0  2  1  3  5  0  0
      1    4  1  4  2  3  0  2  1  3  4  5  0
      1    4  3  1  5  2  0  2  1  1  5  5  0
      1    5  2  1  5  4  3  3  1  3  3  4  5
      1    3  2  1  4  0  0  2  2  3  5  0  0
      1    4  4  3  2  1  0  2  2  2  4  5  0
      1    5  1  5  4  2  3  3  2  2  3  4  5
      1    4  1  4  5  2  0  2  1  2  4  5  0
      1    5  1  3  2  5  4  3  1  1  2  5  5
      1    5  3  2  1  5  4  3  1  1  3  5  5
      1    5  2  1  4  5  3  3  1  2  2  5  5
      1    5  3  5  1  4  2  3  1  2  3  5  5
      1    4  1  4  2  3  0  2  2  2  4  5  0
      1    4  2  1  5  4  0  2  1  3  4  5  0
      1    5  5  1  2  3  4  3  1  3  3  4  5
      1    5  1  3  4  2  5  3  1  2  3  4  5
      1    5  1  3  2  5  4  3  2  2  3  4  5
      1    3  4  1  5  0  0  2  2  3  5  0  0
      1    5  5  1  4  2  3  3  1  3  3  4  5
      1    4  5  1  2  3  0  2  1  2  4  5  0
      1    4  1  2  5  4  0  2  2  2  4  5  0
      1    4  1  5  4  2  0  2  2  2  4  5  0
      1    3  4  2  1  0  0  2  1  3  5  0  0
      1    4  1  2  4  5  0  2  1  3  4  5  0
      1    4  4  1  3  2  0  2  1  1  5  5  0
      1    4  1  4  2  5  0  2  1  2  4  5  0
      1    5  1  4  5  2  3  3  2  2  3  4  5
      1    3  1  3  2  0  0  2  3  3  4  0  0
      1    5  3  1  5  4  2  3  1  2  3  5  5
      1    4  2  3  1  4  0  2  2  2  4  5  0
      1    5  3  4  1  5  2  3  1  2  3  5  5
      1    5  3  1  2  4  5  3  1  2  3  4  5
      1    4  1  2  5  3  0  2  1  2  4  5  0
      1    5  3  1  5  4  2  3  1  1  3  5  5
      1    5  2  1  3  5  4  3  1  3  3  4  5
      1    3  1  3  5  0  0  2  2  3  5  0  0
      1    4  1  2  3  5  0  2  1  3  4  5  0
      1    3  1  5  2  0  0  2  2  2  5  0  0
      1    4  1  2  4  5  0  2  2  2  4  5  0
      1    4  5  4  1  2  0  2  1  2  4  5  0
      1    5  2  1  3  4  5  3  1  2  3  4  5
      1    5  1  2  3  4  5  3  2  2  3  4  5
      1    3  1  4  3  0  0  2  2  3  5  0  0
      1    5  1  3  4  2  5  3  1  2  3  5  5
      1    5  4  1  5  3  2  3  1  2  3  5  5
      1    5  4  1  2  3  5  3  1  2  3  5  5
      1    5  1  3  5  2  4  3  2  3  3  4  4
      1    5  2  5  1  4  3  3  1  2  3  5  5
      1    4  1  5  4  2  0  2  1  3  4  5  0
      1    4  1  2  4  3  0  2  2  3  4  4  0
      1    4  2  3  1  4  0  2  1  1  5  5  0
      1    5  3  1  2  5  4  3  1  1  3  5  5
      1    4  1  5  4  3  0  2  1  1  4  5  0
      1    5  1  3  5  4  2  3  2  2  3  4  5
      1    5  3  1  5  4  2  3  1  2  2  5  5
      1    4  1  4  3  2  0  2  1  2  4  5  0
      1    4  1  4  3  5  0  2  1  1  5  5  0
      1    5  3  2  1  4  5  3  2  2  3  4  5
      1    5  1  3  2  4  5  3  1  1  2  5  5
      1    5  2  1  5  3  4  3  1  3  3  4  5
      1    4  1  2  4  5  0  3  3  3  3  4  0
      1    3  4  5  1  0  0  2  2  2  5  0  0
      1    3  1  5  4  0  0  2  2  3  5  0  0
      1    2  4  1  0  0  0  1  2  4  0  0  0
      1    5  4  1  5  2  3  3  1  2  3  5  5
      1    5  1  3  4  2  5  3  2  2  2  4  5
      1    3  5  1  3  0  0  2  1  3  5  0  0
      1    4  1  4  3  2  0  2  1  1  5  5  0
      1    3  2  5  1  0  0  2  2  3  5  0  0
      1    4  1  3  4  2  0  2  1  3  4  5  0
      1    4  4  1  5  2  0  2  1  2  4  5  0
      1    5  2  3  1  4  5  3  2  2  3  4  5
      1    5  3  1  5  2  4  3  2  3  3  4  4
      1    5  2  4  5  1  3  3  2  2  2  4  5
      1    4  1  2  4  3  0  2  1  3  4  5  0
      1    5  2  3  1  4  5  3  1  2  3  5  5
      1    5  5  1  4  2  3  3  1  2  2  5  5
      1    4  2  1  5  4  0  2  1  2  4  5  0
      1    4  3  1  5  4  0  2  1  2  4  5  0
      1    2  4  1  0  0  0  1  1  5  0  0  0
      1    4  1  4  3  2  0  2  1  3  4  5  0
      1    5  1  2  4  3  5  3  2  2  3  4  5
      1    5  3  1  4  2  5  3  1  2  3  5  5
      1    5  5  4  1  2  3  3  1  1  2  5  5
      1    3  5  4  1  0  0  2  2  2  5  0  0
      1    5  4  1  3  5  2  3  1  3  3  4  5
      1    5  3  2  1  5  4  3  1  2  3  5  5
      1    3  3  2  1  0  0  2  2  3  5  0  0
      1    3  3  4  1  0  0  2  1  3  5  0  0
      1    2  2  1  0  0  0  1  3  4  0  0  0
      1    5  1  5  3  4  2  3  1  2  2  5  5
      1    3  1  2  5  0  0  1  1  4  4  0  0
      1    5  1  5  3  2  4  3  1  2  2  5  5
      1    4  1  2  4  5  0  3  2  3  3  5  0
      1    4  1  5  2  3  0  2  1  1  5  5  0
      1    3  1  3  4  0  0  2  3  3  4  0  0
      1    4  4  1  2  5  0  2  1  2  4  5  0
      1    5  2  1  4  3  5  3  1  2  3  5  5
      1    5  1  2  5  4  3  3  2  3  3  4  5
      1    4  2  1  5  3  0  2  1  2  4  5  0
      1    5  1  4  3  2  5  3  1  3  3  4  5
      1    5  3  1  2  4  5  3  1  1  3  5  5
      1    4  2  1  3  4  0  3  2  3  3  5  0
      1    5  1  4  2  5  3  3  1  3  3  4  5
      1    5  1  2  3  5  4  3  2  2  2  4  5
      1    3  1  5  4  0  0  1  1  4  4  0  0
      1    5  2  3  1  5  4  3  1  1  3  5  5
      1    3  2  1  3  0  0  1  1  4  4  0  0
      1    5  2  5  1  4  3  3  1  1  3  5  5
      1    5  1  3  2  4  5  3  2  2  2  4  5
      1    4  4  2  1  3  0  2  1  2  4  5  0
      1    5  1  4  3  2  5  3  2  2  3  4  5
      1    4  2  1  3  5  0  2  2  3  4  4  0
      1    3  3  2  1  0  0  2  1  3  5  0  0
      1    5  1  5  4  3  2  3  2  3  3  4  4
      1    5  1  3  4  2  5  3  1  1  2  5  5
      1    5  3  1  4  2  5  3  1  2  2  5  5
      1    5  2  5  1  4  3  3  2  2  3  4  5
      1    3  3  1  5  0  0  2  1  3  5  0  0
      1    4  1  5  3  4  0  2  1  1  5  5  0
      1    3  1  4  2  0  0  2  3  3  4  0  0
      1    5  1  3  5  2  4  3  2  3  3  4  5
      1    5  1  4  2  3  5  3  1  2  3  5  5
      1    4  1  2  4  3  0  3  2  3  3  5  0
      1    3  1  3  4  0  0  2  2  3  5  0  0
      1    5  1  5  2  4  3  3  2  2  2  4  5
      1    5  3  1  4  2  5  3  1  1  3  5  5
      1    4  1  3  2  5  0  2  1  1  4  5  0
      1    4  1  4  3  5  0  2  1  3  4  5  0
      1    5  2  4  5  1  3  3  1  2  3  5  5
      1    3  5  1  4  0  0  2  1  3  5  0  0
      1    5  3  1  5  2  4  3  1  1  3  5  5
      1    3  5  1  4  0  0  2  2  3  5  0  0
      1    5  1  4  5  3  2  3  1  3  3  4  5
      1    3  1  4  5  0  0  2  2  2  5  0  0
      1    4  5  2  1  3  0  2  1  2  4  5  0
      1    4  2  1  4  5  0  2  1  3  4  5  0
      1    5  2  1  4  3  5  3  1  2  2  5  5
      1    4  4  1  2  3  0  2  1  1  5  5  0
      1    4  1  3  5  4  0  2  2  2  4  5  0
      1    5  2  1  5  4  3  3  1  2  2  5  5
      1    5  1  3  5  2  4  3  1  3  3  4  5
      1    5  1  3  4  5  2  3  2  2  2  4  5
      1    5  1  4  2  3  5  3  1  2  2  5  5
      1    3  2  1  5  0  0  2  1  3  5  0  0
      1    5  3  1  2  5  4  3  1  2  2  5  5
      1    3  3  1  4  0  0  2  1  3  5  0  0
      1    5  3  1  2  4  5  3  1  2  3  5  5
      1    4  1  5  4  2  0  2  1  2  4  5  0
      1    5  5  2  1  4  3  3  1  1  3  5  5
      1    3  2  4  1  0  0  2  1  3  5  0  0
      1    4  1  5  2  4  0  2  1  3  4  5  0
      1    5  1  3  2  4  5  3  1  2  2  5  5
      1    4  1  3  2  5  0  3  2  3  3  5  0
      1    5  4  1  2  3  5  3  1  2  2  5  5
      1    5  1  5  2  4  3  3  1  2  3  5  5
      1    5  2  1  3  5  4  3  1  1  3  5  5
      1    5  4  1  2  5  3  3  1  3  3  4  5
      1    5  4  5  1  2  3  3  1  1  3  5  5
  0
Burlington2006
