Burlington2009   Burlington_VA  2009
'Rating type, # raw ballots, # processed, final # combined: '  1      8981      8981       400
'# candidates to be elected, # reduced, original #: '  2  5  6
'Max # ranked or rated, max # rating levels, undervote penalty: '  5  5  1
'Original candidates, as reordered: '  2  1  5  4  3

'           Rating data: '
'Max # pos & neg ratings: '  3  2
'Rating point values: '  10.00   5.56   2.22  -4.00 -10.00
    312    2  2  5  0  0  0  1  1  5  0  0  0
    248    2  2  1  0  0  0  1  1  5  0  0  0
    161    3  2  1  4  0  0  2  1  3  5  0  0
     89    3  2  4  1  0  0  2  1  3  5  0  0
     85    2  2  4  0  0  0  1  1  5  0  0  0
     50    2  2  1  0  0  0  1  2  4  0  0  0
     48    5  2  1  4  5  3  3  1  1  3  5  5
     43    2  1  2  0  0  0  1  1  5  0  0  0
     42    5  2  1  4  3  5  3  1  1  3  5  5
     41    5  2  1  5  4  3  3  1  1  3  5  5
     38    2  2  3  0  0  0  1  1  5  0  0  0
     36    3  4  2  1  0  0  2  1  3  5  0  0
     34    3  2  1  3  0  0  2  1  3  5  0  0
     29    3  2  1  5  0  0  2  1  3  5  0  0
     29    2  2  5  0  0  0  1  2  4  0  0  0
     28    5  2  4  1  3  5  3  1  1  3  5  5
     26    5  2  1  3  4  5  3  1  1  3  5  5
     26    2  4  2  0  0  0  1  1  5  0  0  0
     26    2  2  4  0  0  0  1  2  4  0  0  0
     24    3  2  3  1  0  0  2  1  3  5  0  0
     24    5  2  4  1  5  3  3  1  1  3  5  5
     23    3  2  1  4  0  0  2  2  2  5  0  0
     17    5  2  4  1  5  3  3  1  2  3  5  5
     17    3  1  2  4  0  0  2  1  3  5  0  0
     16    5  2  3  1  4  5  3  1  1  3  5  5
     16    4  2  1  4  5  0  2  1  2  4  5  0
     16    5  2  4  3  1  5  3  1  1  3  5  5
     16    2  2  3  0  0  0  1  2  4  0  0  0
     16    5  2  1  4  5  3  3  1  2  3  5  5
     16    5  2  1  3  4  5  3  1  2  3  5  5
     14    3  2  1  4  0  0  2  2  3  5  0  0
     14    5  2  3  4  1  5  3  1  1  3  5  5
     14    5  2  4  5  1  3  3  1  1  3  5  5
     13    5  2  5  1  4  3  3  1  1  3  5  5
     13    2  4  2  0  0  0  1  2  4  0  0  0
     13    4  2  1  4  3  0  2  1  2  4  5  0
     12    4  2  1  5  4  0  2  1  2  4  5  0
     12    4  2  1  4  5  0  2  1  1  5  5  0
     12    4  2  1  4  3  0  2  1  1  5  5  0
     12    5  2  5  1  4  3  3  1  2  3  5  5
     12    3  2  4  1  0  0  2  2  2  5  0  0
     12    5  2  1  3  5  4  3  1  1  3  5  5
     11    3  2  3  4  0  0  2  1  3  5  0  0
     11    5  2  1  4  3  5  3  1  2  2  5  5
     11    5  2  1  4  3  5  3  1  3  3  4  5
     11    5  4  2  1  5  3  3  1  1  3  5  5
     11    2  1  2  0  0  0  1  2  4  0  0  0
     11    5  2  1  4  5  3  3  1  2  2  5  5
     10    3  2  5  1  0  0  2  1  3  5  0  0
     10    4  2  4  1  5  0  2  1  2  4  5  0
     10    4  2  1  5  4  0  2  1  1  5  5  0
     10    5  2  1  4  5  3  3  1  3  3  4  5
     10    5  2  1  4  3  5  3  1  2  3  5  5
     10    4  4  2  1  3  0  2  1  2  4  5  0
      9    4  2  4  1  5  0  2  2  2  4  5  0
      9    5  2  3  1  4  5  3  1  2  3  5  5
      9    4  2  1  3  4  0  2  1  2  4  5  0
      9    4  2  4  1  5  0  2  1  1  5  5  0
      9    4  2  1  4  5  0  2  2  2  4  5  0
      9    4  2  1  4  3  0  2  1  3  4  5  0
      9    5  2  1  5  4  3  3  1  2  3  5  5
      9    5  2  1  5  4  3  3  1  2  2  5  5
      8    2  3  2  0  0  0  1  1  5  0  0  0
      8    4  2  5  1  4  0  2  1  2  4  5  0
      8    4  2  4  1  3  0  2  1  2  4  5  0
      8    5  2  1  5  3  4  3  1  1  3  5  5
      8    5  2  4  3  1  5  3  1  2  3  5  5
      7    3  2  4  5  0  0  2  1  3  5  0  0
      7    5  2  4  5  3  1  3  1  1  3  5  5
      7    4  2  1  3  4  0  2  1  1  5  5  0
      7    5  2  4  1  3  5  3  1  2  3  5  5
      7    4  2  3  4  1  0  2  1  1  5  5  0
      7    3  2  4  3  0  0  2  1  3  5  0  0
      7    4  2  4  1  3  0  2  1  1  5  5  0
      7    5  2  4  1  5  3  3  1  2  2  5  5
      7    5  2  1  3  4  5  3  1  3  3  4  5
      7    4  4  2  1  5  0  2  1  2  4  5  0
      6    3  1  4  2  0  0  2  1  3  5  0  0
      6    5  2  4  1  5  3  3  1  3  3  4  5
      6    2  2  5  0  0  0  1  3  4  0  0  0
      6    4  2  4  3  1  0  2  1  1  5  5  0
      6    3  2  1  5  0  0  2  2  2  5  0  0
      6    2  2  1  0  0  0  1  3  4  0  0  0
      6    4  2  1  4  5  0  2  1  3  4  5  0
      6    4  2  4  5  1  0  2  1  2  4  5  0
      6    5  2  1  5  4  3  3  2  2  3  4  5
      6    4  2  4  5  1  0  2  1  1  5  5  0
      6    5  1  2  5  4  3  3  1  2  3  5  5
      6    5  2  3  1  5  4  3  1  1  3  5  5
      6    3  4  2  1  0  0  2  2  2  5  0  0
      5    5  2  1  4  3  5  3  2  2  3  4  5
      5    5  2  3  1  5  4  3  1  2  3  5  5
      5    4  2  1  4  3  0  2  2  2  4  5  0
      5    3  2  5  4  0  0  2  1  3  5  0  0
      5    4  2  4  3  1  0  2  1  2  4  5  0
      5    3  1  2  3  0  0  2  1  3  5  0  0
      5    5  2  1  5  3  4  3  1  3  3  4  5
      5    4  2  1  3  4  0  2  2  2  4  5  0
      5    5  2  4  1  5  3  3  2  2  3  4  5
      5    5  2  5  4  1  3  3  1  1  3  5  5
      5    3  2  4  1  0  0  2  2  3  5  0  0
      5    5  2  4  3  1  5  3  1  2  2  5  5
      5    4  2  4  1  3  0  2  2  2  4  5  0
      5    4  2  3  4  1  0  2  1  2  4  5  0
      5    2  2  4  0  0  0  1  3  4  0  0  0
      5    5  2  5  4  1  3  3  1  2  3  5  5
      5    4  2  1  5  4  0  2  2  2  4  5  0
      5    5  4  2  1  3  5  3  1  1  3  5  5
      4    5  2  4  1  3  5  3  1  2  2  5  5
      4    3  2  1  3  0  0  2  2  2  5  0  0
      4    4  2  3  4  1  0  2  1  3  4  5  0
      4    5  1  2  4  5  3  3  1  2  3  5  5
      4    5  2  4  5  1  3  3  1  3  3  4  5
      4    4  2  3  1  4  0  2  1  1  5  5  0
      4    3  4  2  5  0  0  2  1  3  5  0  0
      4    4  2  1  4  5  0  3  2  3  3  5  0
      4    5  4  2  5  1  3  3  1  2  3  5  5
      4    5  2  4  5  1  3  3  1  2  2  5  5
      4    5  2  5  4  1  3  3  1  2  2  5  5
      4    4  1  2  5  4  0  2  1  2  4  5  0
      4    4  2  5  4  1  0  2  1  2  4  5  0
      4    3  5  2  1  0  0  2  1  3  5  0  0
      4    5  1  2  4  3  5  3  1  2  3  5  5
      4    3  4  5  2  0  0  2  1  3  5  0  0
      4    3  2  3  1  0  0  2  2  2  5  0  0
      4    5  3  2  1  4  5  3  1  2  3  5  5
      4    5  4  2  1  5  3  3  1  2  2  5  5
      4    5  4  2  1  3  5  3  1  2  2  5  5
      4    3  4  1  2  0  0  2  1  3  5  0  0
      4    4  4  2  1  3  0  2  1  1  5  5  0
      3    4  2  3  4  1  0  2  2  2  4  5  0
      3    3  2  1  5  0  0  2  3  3  4  0  0
      3    5  1  2  5  4  3  3  1  2  2  5  5
      3    4  2  4  1  3  0  2  1  3  4  5  0
      3    5  2  4  5  1  3  3  1  2  3  5  5
      3    5  2  4  5  3  1  3  1  3  3  4  5
      3    5  1  2  4  3  5  3  1  3  3  4  5
      3    5  2  1  4  5  3  3  2  2  3  4  5
      3    4  2  5  1  4  0  2  1  1  5  5  0
      3    5  1  2  4  3  5  3  1  2  2  5  5
      3    5  1  2  4  3  5  3  1  1  3  5  5
      3    5  4  2  3  1  5  3  1  2  3  5  5
      3    3  2  5  1  0  0  2  2  2  5  0  0
      3    4  1  2  4  3  0  2  1  2  4  5  0
      3    2  5  2  0  0  0  1  1  5  0  0  0
      3    5  2  5  1  3  4  3  1  1  3  5  5
      3    5  2  1  5  4  3  3  2  3  3  4  5
      3    5  2  5  1  3  4  3  2  2  3  4  5
      3    4  5  2  1  4  0  2  1  2  4  5  0
      3    5  2  3  1  5  4  3  1  2  2  5  5
      3    5  2  1  5  3  4  3  1  2  3  5  5
      3    5  4  2  1  3  5  3  1  3  3  4  5
      3    2  3  2  0  0  0  1  2  4  0  0  0
      3    3  5  2  4  0  0  2  2  3  5  0  0
      3    3  2  1  4  0  0  2  3  3  4  0  0
      3    5  2  3  4  5  1  3  1  1  3  5  5
      3    5  5  2  1  4  3  3  1  2  2  5  5
      3    5  2  1  3  5  4  3  1  2  3  5  5
      3    4  2  5  1  4  0  2  2  2  4  5  0
      3    3  2  4  1  0  0  1  1  4  4  0  0
      3    4  4  2  3  1  0  2  1  2  4  5  0
      3    3  4  2  3  0  0  2  1  3  5  0  0
      3    5  1  4  2  3  5  3  1  1  3  5  5
      3    4  2  4  1  5  0  2  1  3  4  5  0
      3    3  2  3  1  0  0  2  2  3  5  0  0
      3    5  1  2  5  3  4  3  1  3  3  4  5
      3    5  2  3  1  4  5  3  1  3  3  4  5
      3    5  2  3  1  4  5  3  2  3  3  4  5
      3    4  4  2  5  1  0  2  1  2  4  5  0
      3    5  4  2  3  1  5  3  1  1  3  5  5
      3    5  4  2  1  5  3  3  1  3  3  4  5
      2    4  4  1  2  3  0  2  1  2  4  5  0
      2    5  1  4  2  5  3  3  1  1  3  5  5
      2    4  2  5  4  3  0  2  1  1  5  5  0
      2    4  2  4  3  1  0  2  2  2  4  5  0
      2    3  2  5  1  0  0  2  2  3  5  0  0
      2    4  2  3  1  5  0  2  1  1  5  5  0
      2    5  2  4  1  3  5  3  2  2  2  4  5
      2    5  2  3  4  1  5  3  2  2  3  4  5
      2    4  1  2  4  5  0  2  1  2  4  5  0
      2    5  2  3  4  5  1  3  2  2  2  4  5
      2    5  2  4  5  1  3  3  2  2  3  4  5
      2    5  1  2  3  5  4  3  1  1  3  5  5
      2    5  2  1  4  5  3  3  2  2  2  4  5
      2    4  1  4  2  3  0  2  2  2  4  5  0
      2    5  2  3  5  1  4  3  1  1  3  5  5
      2    4  1  3  2  4  0  2  2  2  4  5  0
      2    4  2  1  3  5  0  2  1  2  4  5  0
      2    5  1  2  4  5  3  3  1  3  3  4  5
      2    5  4  1  2  5  3  3  1  2  3  5  5
      2    5  1  5  2  4  3  3  1  1  3  5  5
      2    3  2  4  1  0  0  2  3  3  4  0  0
      2    5  3  2  1  4  5  3  1  1  3  5  5
      2    4  2  3  1  4  0  2  1  2  4  5  0
      2    5  2  4  3  1  5  3  1  3  3  4  5
      2    3  4  2  1  0  0  2  2  3  5  0  0
      2    5  2  1  4  5  3  3  2  3  3  4  5
      2    5  2  1  5  4  3  3  1  3  3  4  5
      2    4  2  1  4  3  0  2  1  1  4  5  0
      2    4  2  3  1  4  0  2  1  3  4  5  0
      2    5  2  5  4  1  3  3  2  2  3  4  5
      2    5  2  1  5  3  4  3  1  2  2  5  5
      2    4  2  5  4  1  0  2  1  1  5  5  0
      2    5  4  2  5  1  3  3  1  3  3  4  5
      2    4  2  3  5  1  0  2  1  1  5  5  0
      2    3  2  1  5  0  0  2  2  3  5  0  0
      2    4  2  4  3  5  0  2  1  1  5  5  0
      2    5  2  5  4  3  1  3  1  2  3  5  5
      2    3  1  5  2  0  0  2  1  3  5  0  0
      2    4  1  2  5  4  0  3  2  3  3  5  0
      2    4  2  1  4  5  0  2  1  1  4  5  0
      2    5  2  4  1  3  5  3  2  2  3  4  5
      2    5  2  5  3  1  4  3  1  1  3  5  5
      2    3  1  2  5  0  0  2  1  3  5  0  0
      2    3  1  2  4  0  0  2  2  3  5  0  0
      2    5  2  1  3  4  5  3  1  2  2  5  5
      2    5  2  1  3  5  4  3  2  2  3  4  5
      2    5  2  5  1  4  3  3  1  3  3  4  5
      2    5  2  5  1  3  4  3  1  2  3  5  5
      2    3  3  2  1  0  0  2  1  3  5  0  0
      2    5  1  2  4  5  3  3  1  1  3  5  5
      2    4  2  1  5  4  0  2  1  3  4  5  0
      2    5  2  5  1  4  3  3  1  2  2  5  5
      2    5  4  1  2  5  3  3  1  1  3  5  5
      2    3  2  5  3  0  0  2  1  3  5  0  0
      2    5  1  2  3  4  5  3  1  2  2  5  5
      2    4  2  1  3  4  0  2  1  3  4  5  0
      2    4  2  4  5  1  0  2  1  3  4  5  0
      2    3  1  4  2  0  0  2  2  2  5  0  0
      2    5  2  1  4  3  5  3  2  2  2  4  5
      2    5  1  3  2  4  5  3  2  2  3  4  5
      2    3  4  3  2  0  0  2  1  3  5  0  0
      2    5  4  2  1  5  3  3  1  2  3  5  5
      2    5  1  4  3  2  5  3  2  2  3  4  5
      2    3  2  4  3  0  0  2  2  3  5  0  0
      2    4  4  1  2  5  0  2  1  2  4  5  0
      2    4  4  2  5  1  0  2  1  1  5  5  0
      2    5  4  5  2  1  3  3  1  1  3  5  5
      2    5  4  2  5  1  3  3  1  1  3  5  5
      1    3  2  5  1  0  0  2  3  3  4  0  0
      1    5  1  5  2  4  3  3  2  2  3  4  5
      1    5  4  1  2  3  5  3  1  2  3  5  5
      1    5  3  1  2  4  5  3  2  2  3  4  5
      1    5  2  3  4  1  5  3  1  2  3  5  5
      1    5  2  3  1  5  4  3  1  2  3  4  5
      1    4  2  3  4  1  0  3  2  3  3  5  0
      1    5  2  3  1  4  5  3  2  3  3  4  4
      1    5  2  3  5  4  1  3  2  3  3  4  5
      1    5  1  2  4  5  3  3  1  2  2  5  5
      1    3  2  5  1  0  0  1  1  4  4  0  0
      1    5  3  2  4  5  1  3  1  1  3  5  5
      1    5  1  5  4  2  3  3  1  1  3  5  5
      1    4  1  2  4  3  0  3  2  3  3  5  0
      1    5  5  4  2  3  1  3  1  1  3  5  5
      1    5  2  5  4  1  3  3  1  3  3  4  5
      1    5  2  3  5  4  1  3  2  2  2  4  5
      1    5  5  2  1  4  3  3  1  1  3  5  5
      1    4  2  5  4  1  0  2  1  3  4  5  0
      1    4  2  4  1  5  0  3  2  3  3  5  0
      1    5  1  3  2  4  5  3  1  1  3  5  5
      1    3  2  4  3  0  0  2  2  2  5  0  0
      1    4  4  1  2  5  0  2  2  2  4  5  0
      1    3  4  1  2  0  0  2  2  2  5  0  0
      1    5  2  1  3  4  5  3  1  2  3  4  5
      1    5  2  3  4  1  5  3  2  2  2  4  5
      1    3  2  4  5  0  0  2  2  2  5  0  0
      1    3  1  5  2  0  0  2  3  3  4  0  0
      1    5  1  2  3  4  5  3  1  2  3  5  5
      1    4  2  3  5  1  0  2  1  2  4  5  0
      1    5  2  4  3  5  1  3  1  2  2  5  5
      1    5  4  2  3  1  5  3  1  2  2  5  5
      1    5  2  5  3  4  1  3  1  3  3  4  5
      1    5  3  2  1  4  5  3  1  3  3  4  5
      1    4  2  5  1  3  0  2  1  1  5  5  0
      1    5  5  2  4  3  1  3  1  1  3  5  5
      1    5  2  1  3  4  5  3  2  2  3  4  5
      1    5  2  1  4  3  5  3  1  2  3  4  5
      1    2  3  2  0  0  0  1  3  4  0  0  0
      1    4  2  5  1  3  0  2  1  2  4  5  0
      1    4  2  5  4  1  0  3  3  3  3  4  0
      1    5  1  2  5  4  3  3  1  3  3  4  5
      1    3  1  4  2  0  0  2  2  3  5  0  0
      1    5  2  3  5  4  1  3  1  1  3  5  5
      1    5  5  2  1  4  3  3  2  3  3  4  4
      1    5  1  2  5  4  3  3  1  1  3  5  5
      1    5  2  4  3  5  1  3  2  2  3  4  5
      1    5  1  2  5  3  4  3  1  1  3  5  5
      1    5  4  5  2  1  3  3  1  2  3  5  5
      1    4  4  5  2  1  0  2  1  1  5  5  0
      1    5  3  2  5  1  4  3  1  2  2  5  5
      1    5  2  4  5  3  1  3  1  2  2  5  5
      1    4  2  3  4  5  0  2  1  2  4  5  0
      1    5  2  3  4  1  5  3  2  3  3  4  4
      1    5  5  2  1  3  4  3  1  1  3  5  5
      1    3  2  5  4  0  0  2  2  2  5  0  0
      1    4  1  4  2  5  0  2  2  2  4  5  0
      1    4  4  2  3  1  0  3  2  3  3  5  0
      1    4  2  5  4  1  0  2  1  1  4  5  0
      1    4  1  5  2  4  0  2  1  1  5  5  0
      1    5  4  2  1  3  5  3  2  3  3  4  5
      1    5  2  3  1  5  4  3  2  2  3  4  5
      1    3  2  1  3  0  0  2  3  3  4  0  0
      1    4  2  4  3  1  0  2  1  3  4  5  0
      1    4  5  4  2  1  0  2  1  1  5  5  0
      1    3  5  2  4  0  0  2  1  3  5  0  0
      1    4  3  2  1  4  0  3  2  3  3  5  0
      1    5  3  2  1  4  5  3  1  2  2  5  5
      1    4  1  2  3  4  0  2  1  2  4  5  0
      1    5  2  5  3  1  4  3  1  2  2  5  5
      1    3  1  4  2  0  0  2  3  3  4  0  0
      1    3  2  3  1  0  0  2  3  3  4  0  0
      1    5  1  2  3  5  4  3  2  3  3  4  5
      1    3  3  2  4  0  0  2  1  3  5  0  0
      1    3  3  2  1  0  0  2  2  3  5  0  0
      1    4  2  1  5  4  0  3  2  3  3  5  0
      1    4  2  5  4  3  0  2  1  2  4  5  0
      1    5  3  2  4  1  5  3  1  2  3  5  5
      1    4  3  1  2  4  0  2  1  1  5  5  0
      1    3  2  5  4  0  0  1  1  4  4  0  0
      1    3  2  1  3  0  0  2  2  3  5  0  0
      1    4  2  4  1  3  0  3  2  3  3  5  0
      1    5  2  4  5  3  1  3  1  2  3  5  5
      1    5  5  2  1  3  4  3  1  2  2  5  5
      1    2  2  3  0  0  0  1  3  4  0  0  0
      1    5  1  3  2  4  5  3  1  3  3  4  5
      1    4  2  4  5  1  0  2  2  2  4  5  0
      1    3  1  2  3  0  0  2  2  3  5  0  0
      1    5  2  1  5  4  3  3  2  2  2  4  5
      1    3  2  1  4  0  0  1  1  4  4  0  0
      1    3  2  4  5  0  0  1  1  4  4  0  0
      1    5  2  1  3  5  4  3  1  3  3  4  5
      1    5  2  1  3  5  4  3  1  2  2  5  5
      1    5  2  5  3  1  4  3  1  3  3  4  5
      1    5  2  4  1  3  5  3  1  3  3  4  5
      1    5  2  5  4  3  1  3  2  2  3  4  5
      1    5  2  1  3  4  5  3  2  3  3  4  5
      1    5  2  1  4  3  5  3  1  1  2  5  5
      1    4  3  2  4  1  0  2  1  2  4  5  0
      1    4  3  2  4  1  0  3  2  3  3  5  0
      1    4  2  1  4  3  0  3  2  3  3  5  0
      1    5  5  2  4  3  1  3  1  2  2  5  5
      1    5  3  2  1  5  4  3  1  3  3  4  5
      1    4  4  2  1  3  0  2  1  3  4  5  0
      1    5  2  5  3  4  1  3  1  2  3  5  5
      1    5  2  3  4  5  1  3  1  2  3  5  5
      1    4  2  3  1  5  0  2  1  1  4  5  0
      1    3  2  3  4  0  0  2  2  3  5  0  0
      1    5  4  2  1  3  5  3  1  2  3  5  5
      1    4  2  3  4  5  0  2  1  1  5  5  0
      1    5  2  4  3  5  1  3  1  1  3  5  5
      1    3  5  1  2  0  0  2  1  3  5  0  0
      1    5  2  1  3  4  5  3  2  3  3  4  4
      1    5  2  1  5  4  3  3  1  1  2  5  5
      1    5  2  3  5  1  4  3  1  2  3  5  5
      1    4  1  5  2  4  0  2  2  2  4  5  0
      1    5  2  1  4  3  5  3  2  3  3  4  4
      1    4  5  2  4  1  0  2  1  2  4  5  0
      1    5  1  2  5  4  3  3  1  2  3  4  5
      1    5  2  1  5  4  3  3  1  2  3  4  5
      1    5  1  2  5  3  4  3  1  2  3  5  5
      1    5  2  1  3  5  4  3  2  2  2  4  5
      1    4  2  4  3  1  0  3  2  3  3  5  0
      1    5  2  4  3  5  1  3  3  3  3  4  4
      1    5  2  5  3  1  4  3  1  2  3  5  5
      1    4  1  2  4  3  0  2  1  3  4  5  0
      1    5  2  5  3  4  1  3  1  1  3  5  5
      1    4  1  4  2  5  0  2  1  1  5  5  0
      1    3  2  1  5  0  0  1  1  4  4  0  0
      1    5  2  4  1  5  3  3  2  3  3  4  5
      1    5  2  5  3  1  4  3  2  2  3  4  5
      1    5  3  2  4  1  5  3  1  1  3  5  5
      1    5  4  3  2  1  5  3  1  1  3  5  5
      1    5  3  2  4  5  1  3  2  3  3  4  5
      1    5  2  4  1  5  3  3  2  2  2  4  5
      1    5  2  4  3  1  5  3  1  1  2  5  5
      1    5  2  4  3  5  1  3  1  2  3  5  5
      1    4  4  2  3  5  0  2  1  2  4  5  0
      1    4  2  1  5  3  0  2  1  2  4  5  0
      1    5  4  3  2  1  5  3  1  2  3  5  5
      1    5  4  2  5  3  1  3  1  2  3  5  5
      1    4  4  5  2  1  0  2  1  3  4  5  0
      1    5  1  4  2  3  5  3  1  2  2  5  5
      1    4  4  2  1  5  0  2  1  1  5  5  0
      1    4  2  5  1  4  0  2  1  3  4  5  0
      1    3  4  2  1  0  0  1  1  4  4  0  0
      1    4  4  2  3  5  0  2  2  2  4  5  0
      1    5  4  2  5  1  3  3  3  3  3  4  4
      1    4  4  5  2  1  0  2  1  2  4  5  0
      1    4  4  3  2  1  0  2  2  2  4  5  0
      1    4  4  1  3  2  0  2  1  2  4  5  0
      1    3  4  2  3  0  0  2  2  2  5  0  0
      1    2  4  2  0  0  0  1  3  4  0  0  0
      1    3  4  2  5  0  0  2  2  2  5  0  0
      1    5  4  1  5  2  3  3  1  2  3  5  5
      1    5  4  5  2  3  1  3  1  1  3  5  5
      1    4  4  2  1  5  0  2  2  2  4  5  0
      1    5  4  1  2  5  3  3  2  2  3  4  5
      1    3  4  2  5  0  0  2  3  3  4  0  0
      1    5  4  3  2  5  1  3  1  1  3  5  5
      1    4  4  3  2  1  0  2  1  1  5  5  0
  0
Burlington2009
