Burlington2009   Burlington_VA  2009
'Rating type, # raw ballots, # processed, final # combined: '  0      8981      8981       400
'# candidates to be elected, # reduced, original #: '  2  5  6
'Max # ranked or rated, max # rating levels, undervote penalty: '  5  5  1
'Original candidates, as reordered: '  2  1  5  4  3
'Weak ranking point values: '  10.00   7.00   4.50   2.50   1.00
    277    2  2  5  0  0  0  2  1  5  0  0  0
    224    2  2  1  0  0  0  2  1  5  0  0  0
    132    3  2  1  4  0  0  3  1  3  5  0  0
     72    2  2  4  0  0  0  2  1  5  0  0  0
     72    3  2  4  1  0  0  3  1  3  5  0  0
     38    2  2  3  0  0  0  2  1  5  0  0  0
     33    2  2  1  0  0  0  2  2  5  0  0  0
     32    2  1  2  0  0  0  2  1  5  0  0  0
     30    3  2  1  5  0  0  3  1  3  5  0  0
     26    3  2  1  3  0  0  3  1  3  5  0  0
     26    5  2  1  4  5  3  5  1  1  4  5  5
     26    5  2  1  3  4  5  5  1  1  4  5  5
     24    3  2  1  4  0  0  3  2  2  5  0  0
     24    5  2  1  5  4  3  5  1  1  4  5  5
     23    5  2  1  4  3  5  5  1  1  4  5  5
     22    2  2  1  0  0  0  2  2  3  0  0  0
     22    3  2  3  1  0  0  3  1  3  5  0  0
     20    5  2  1  4  5  3  5  1  2  3  4  5
     20    2  2  5  0  0  0  2  2  4  0  0  0
     19    5  2  1  4  3  5  5  1  2  3  4  5
     19    5  2  4  1  5  3  5  1  1  4  5  5
     18    3  1  2  4  0  0  3  1  3  5  0  0
     15    5  2  1  3  4  5  5  1  2  3  4  5
     15    2  4  2  0  0  0  2  1  5  0  0  0
     15    4  2  4  1  5  0  4  1  2  4  5  0
     15    4  2  1  4  5  0  4  1  2  4  5  0
     13    3  2  5  1  0  0  3  1  3  5  0  0
     13    5  2  5  1  4  3  5  1  1  4  5  5
     12    5  2  4  1  3  5  5  1  1  4  5  5
     12    5  2  3  4  1  5  5  1  2  3  4  5
     11    4  2  1  4  3  0  4  1  2  4  5  0
     11    3  4  2  1  0  0  3  1  3  5  0  0
     11    3  2  4  1  0  0  3  2  2  5  0  0
     11    2  2  4  0  0  0  2  2  5  0  0  0
     11    5  2  4  5  1  3  5  1  1  4  5  5
     11    5  2  1  5  4  3  5  1  2  2  5  5
     10    5  2  4  1  3  5  5  1  2  3  4  5
     10    3  2  4  5  0  0  3  1  3  5  0  0
     10    5  2  1  4  3  5  5  1  1  3  5  5
      9    4  2  4  3  1  0  4  1  2  4  5  0
      9    5  2  1  4  5  3  5  1  2  2  5  5
      9    2  2  1  0  0  0  2  3  3  0  0  0
      9    5  2  4  1  5  3  5  1  2  3  4  5
      9    4  2  4  1  3  0  4  1  2  4  5  0
      9    4  2  1  3  4  0  4  1  2  5  5  0
      8    5  2  4  3  1  5  5  1  1  4  5  5
      8    2  2  4  0  0  0  2  2  3  0  0  0
      8    3  2  3  4  0  0  3  1  3  5  0  0
      8    4  1  2  4  3  0  4  1  2  4  5  0
      8    3  1  2  3  0  0  3  1  3  5  0  0
      8    5  2  3  1  4  5  5  1  1  4  5  5
      8    4  2  1  4  3  0  4  1  2  5  5  0
      8    4  2  1  5  4  0  4  1  2  4  5  0
      8    5  2  1  4  3  5  5  1  1  4  4  5
      7    4  2  1  4  5  0  4  1  2  5  5  0
      7    3  2  1  4  0  0  3  2  3  3  0  0
      7    5  2  1  5  4  3  5  1  2  3  4  5
      7    3  2  1  3  0  0  3  2  2  5  0  0
      7    4  2  1  3  4  0  4  1  2  4  5  0
      7    2  2  5  0  0  0  2  2  3  0  0  0
      7    5  2  4  1  5  3  5  1  1  4  4  5
      7    3  2  4  3  0  0  3  1  3  5  0  0
      7    4  2  1  5  4  0  4  1  2  5  5  0
      7    5  2  1  5  3  4  5  1  1  4  5  5
      7    5  2  5  1  4  3  5  1  2  3  4  5
      7    5  2  4  1  3  5  5  1  1  4  4  5
      7    3  1  2  4  0  0  3  2  3  3  0  0
      7    2  1  2  0  0  0  2  2  3  0  0  0
      6    5  2  4  3  1  5  5  1  1  3  5  5
      6    4  2  4  5  1  0  4  1  2  4  5  0
      6    5  2  4  1  3  5  5  1  2  2  5  5
      6    4  2  4  1  5  0  4  1  2  5  5  0
      6    5  2  3  1  4  5  5  1  2  3  4  5
      6    2  2  1  0  0  0  2  2  4  0  0  0
      6    4  2  1  4  3  0  4  2  2  3  5  0
      6    2  2  5  0  0  0  2  2  5  0  0  0
      6    5  2  4  3  1  5  5  1  2  3  4  5
      6    5  2  5  1  4  3  5  1  1  3  5  5
      6    2  2  3  0  0  0  2  2  5  0  0  0
      6    5  2  1  5  4  3  5  1  1  4  4  5
      6    4  2  1  4  3  0  4  1  3  3  5  0
      6    3  2  4  1  0  0  3  2  3  4  0  0
      5    5  2  1  4  5  3  5  1  1  4  4  5
      5    3  2  4  1  0  0  3  2  3  3  0  0
      5    5  2  3  1  5  4  5  1  1  4  5  5
      5    4  2  1  4  5  0  4  1  3  3  5  0
      5    4  4  2  5  1  0  4  1  2  4  5  0
      5    5  2  1  4  3  5  5  1  2  4  4  4
      5    4  2  3  1  4  0  4  1  2  4  5  0
      5    5  1  4  2  3  5  5  1  2  3  4  5
      5    4  2  4  1  3  0  4  1  2  5  5  0
      5    4  2  5  4  1  0  4  1  2  4  5  0
      5    4  2  5  1  4  0  4  1  2  4  5  0
      5    2  2  5  0  0  0  2  3  3  0  0  0
      5    5  2  5  4  1  3  5  1  2  3  4  5
      5    5  2  1  3  5  4  5  1  1  4  5  5
      5    4  2  1  4  5  0  4  2  2  3  5  0
      5    5  4  2  1  5  3  5  1  2  2  5  5
      5    5  2  1  4  3  5  5  1  2  2  5  5
      4    4  4  2  3  1  0  4  1  2  4  5  0
      4    5  2  3  4  1  5  5  1  1  4  5  5
      4    5  2  1  4  5  3  5  1  1  3  5  5
      4    5  2  1  4  5  3  5  1  3  3  4  4
      4    5  2  4  1  5  3  5  1  1  3  5  5
      4    5  1  2  4  3  5  5  1  2  3  4  5
      4    5  2  4  1  3  5  5  1  1  3  5  5
      4    5  1  2  4  5  3  5  1  2  2  5  5
      4    5  2  5  4  1  3  5  1  1  4  5  5
      4    3  2  1  4  0  0  3  2  3  4  0  0
      4    5  2  1  5  4  3  5  1  1  3  5  5
      4    5  2  5  1  3  4  5  1  2  3  4  5
      4    4  4  2  1  5  0  4  1  2  4  5  0
      4    5  2  3  4  1  5  5  1  2  2  5  5
      4    4  1  2  5  4  0  4  1  2  4  5  0
      4    3  2  5  4  0  0  3  1  3  5  0  0
      4    5  2  1  3  4  5  5  1  2  2  5  5
      4    4  2  5  1  4  0  4  1  2  5  5  0
      4    5  1  2  4  5  3  5  1  2  3  4  5
      4    4  2  3  4  1  0  4  1  2  4  5  0
      4    5  2  1  3  4  5  5  1  1  4  4  5
      3    3  1  2  5  0  0  3  1  3  5  0  0
      3    3  2  1  5  0  0  3  2  2  5  0  0
      3    4  2  1  5  4  0  4  1  1  5  5  0
      3    4  2  4  3  1  0  4  1  3  3  5  0
      3    3  1  4  2  0  0  3  2  2  5  0  0
      3    4  2  4  1  5  0  4  2  2  4  4  0
      3    5  2  3  1  4  5  5  1  1  3  5  5
      3    5  2  5  1  4  3  5  1  1  4  4  5
      3    5  2  3  5  4  1  5  1  1  4  5  5
      3    5  2  1  3  4  5  5  1  3  3  4  4
      3    3  2  1  4  0  0  3  3  3  3  0  0
      3    5  2  4  5  1  3  5  1  1  3  5  5
      3    5  2  4  1  5  3  5  1  3  3  3  5
      3    5  2  4  5  3  1  5  1  1  4  5  5
      3    5  2  5  4  1  3  5  1  1  3  5  5
      3    5  2  1  5  4  3  5  1  3  3  3  5
      3    4  2  3  4  1  0  4  1  2  5  5  0
      3    5  2  4  5  3  1  5  1  3  3  3  5
      3    3  2  3  1  0  0  3  2  2  5  0  0
      3    5  2  3  4  1  5  5  1  1  4  4  5
      3    5  4  2  1  5  3  5  1  2  3  4  5
      3    5  1  5  2  4  3  5  1  2  3  4  5
      3    4  4  2  1  3  0  4  1  2  4  5  0
      3    5  1  2  4  5  3  5  1  1  3  5  5
      3    2  2  5  0  0  0  2  1  4  0  0  0
      3    5  2  3  4  5  1  5  1  2  3  4  5
      3    5  2  1  3  5  4  5  1  2  3  4  5
      3    4  2  1  3  4  0  4  1  3  3  5  0
      3    4  2  3  1  4  0  4  1  2  5  5  0
      3    5  2  5  3  1  4  5  1  1  4  5  5
      3    3  2  5  1  0  0  3  2  2  5  0  0
      2    5  1  2  3  4  5  5  1  2  2  5  5
      2    4  2  4  1  3  0  4  1  3  3  5  0
      2    2  1  2  0  0  0  2  1  4  0  0  0
      2    5  2  1  5  4  3  5  1  2  4  4  4
      2    4  2  1  3  4  0  4  2  2  3  5  0
      2    5  1  2  4  3  5  5  1  1  3  5  5
      2    5  1  2  4  3  5  5  1  1  4  4  5
      2    5  3  2  1  4  5  5  1  1  3  5  5
      2    4  2  4  1  5  0  4  1  3  3  5  0
      2    4  3  2  1  5  0  4  1  2  4  5  0
      2    3  5  2  4  0  0  3  1  3  5  0  0
      2    4  2  4  3  1  0  4  1  2  5  5  0
      2    4  2  5  1  4  0  4  2  2  3  5  0
      2    5  2  3  1  4  5  5  1  3  3  3  5
      2    3  2  1  5  0  0  3  2  3  4  0  0
      2    5  2  4  3  1  5  5  1  2  2  5  5
      2    5  2  1  4  5  3  5  2  2  3  3  5
      2    5  2  1  5  3  4  5  1  2  2  5  5
      2    3  4  2  1  0  0  3  2  3  3  0  0
      2    5  3  4  2  1  5  5  1  2  3  4  5
      2    3  4  2  5  0  0  3  1  3  5  0  0
      2    5  2  4  1  5  3  5  1  2  4  4  4
      2    5  2  3  1  4  5  5  1  2  2  5  5
      2    3  5  2  1  0  0  3  1  3  5  0  0
      2    4  2  3  1  4  0  4  2  2  3  5  0
      2    5  2  5  1  3  4  5  1  1  4  5  5
      2    2  2  4  0  0  0  2  2  4  0  0  0
      2    5  5  2  1  4  3  5  1  1  4  5  5
      2    2  3  2  0  0  0  2  1  5  0  0  0
      2    5  2  3  1  5  4  5  1  1  4  4  5
      2    5  2  4  1  5  3  5  2  2  2  4  5
      2    5  2  1  4  3  5  5  1  3  3  3  5
      2    5  2  1  5  4  3  5  2  2  3  3  5
      2    3  2  4  5  0  0  3  2  2  5  0  0
      2    5  4  2  1  3  5  5  1  1  4  5  5
      2    3  4  1  2  0  0  3  1  3  5  0  0
      2    4  2  5  1  4  0  4  1  3  3  5  0
      2    5  2  1  4  5  3  5  1  3  3  3  5
      2    5  2  4  3  5  1  5  1  1  4  5  5
      2    5  2  4  1  3  5  5  2  2  3  3  5
      2    5  2  4  5  1  3  5  1  2  2  5  5
      2    5  2  4  1  3  5  5  1  2  4  4  4
      2    5  2  4  1  3  5  5  1  2  3  4  4
      2    3  2  5  4  0  0  3  2  2  5  0  0
      2    3  5  1  2  0  0  3  1  3  5  0  0
      2    4  2  3  4  1  0  4  1  1  5  5  0
      2    5  2  5  3  1  4  5  1  1  3  5  5
      2    2  2  1  0  0  0  2  1  4  0  0  0
      2    4  2  1  4  3  0  4  1  1  5  5  0
      2    4  2  1  4  5  0  4  1  3  4  4  0
      2    4  2  5  4  1  0  4  1  2  5  5  0
      2    4  2  3  1  4  0  4  1  3  3  5  0
      2    2  3  2  0  0  0  2  2  3  0  0  0
      2    5  4  2  3  1  5  5  1  2  3  4  5
      2    4  2  4  1  3  0  4  2  2  3  5  0
      2    5  3  2  1  4  5  5  1  1  4  5  5
      2    4  2  4  1  5  0  4  1  3  4  4  0
      2    5  1  2  5  4  3  5  1  1  4  5  5
      2    5  2  1  3  4  5  5  1  1  3  5  5
      2    5  1  3  2  4  5  5  1  2  3  4  5
      2    4  2  1  5  4  0  4  2  2  3  5  0
      2    5  1  4  2  3  5  5  1  1  4  5  5
      2    5  2  3  1  4  5  5  1  1  4  4  5
      2    5  4  2  1  5  3  5  1  1  3  5  5
      2    5  2  1  5  3  4  5  1  1  4  4  5
      2    3  2  5  3  0  0  3  1  3  5  0  0
      2    3  1  4  2  0  0  3  1  3  5  0  0
      2    5  1  2  3  4  5  5  1  2  3  4  5
      2    5  2  4  5  1  3  5  1  2  3  4  5
      2    4  3  2  5  1  0  4  1  2  4  5  0
      2    5  1  2  5  4  3  5  1  3  3  3  5
      1    5  2  5  1  4  3  5  1  2  4  4  4
      1    4  2  4  1  3  0  4  1  3  4  4  0
      1    5  2  1  5  4  3  5  1  3  3  4  4
      1    5  4  2  5  3  1  5  1  1  4  4  5
      1    4  4  3  2  1  0  4  2  2  3  5  0
      1    4  2  4  5  3  0  4  1  2  5  5  0
      1    5  2  3  1  5  4  5  1  3  3  3  5
      1    5  2  4  3  1  5  5  2  2  3  3  5
      1    5  1  2  5  4  3  5  1  2  3  4  5
      1    5  2  1  3  5  4  5  1  1  4  4  5
      1    4  1  2  3  4  0  4  1  3  3  4  0
      1    4  4  3  2  1  0  4  1  3  4  4  0
      1    3  4  1  2  0  0  3  2  3  4  0  0
      1    5  2  4  5  1  3  5  1  2  4  4  4
      1    5  1  3  5  2  4  5  2  2  2  4  5
      1    4  4  1  2  3  0  4  1  2  4  5  0
      1    5  5  2  1  4  3  5  1  3  3  3  5
      1    5  1  2  3  5  4  5  1  2  2  5  5
      1    5  2  5  4  3  1  5  1  1  3  5  5
      1    3  2  4  3  0  0  3  2  2  5  0  0
      1    5  2  1  4  5  3  5  1  2  4  4  4
      1    4  2  1  4  3  0  4  2  2  4  4  0
      1    4  2  1  5  3  0  4  1  1  5  5  0
      1    4  1  4  2  3  0  4  1  1  5  5  0
      1    4  2  1  5  4  0  4  1  3  4  4  0
      1    5  2  3  4  5  1  5  1  1  4  5  5
      1    5  2  3  5  1  4  5  2  2  2  4  5
      1    5  4  2  3  1  5  5  1  2  2  5  5
      1    5  2  4  5  3  1  5  1  2  3  4  5
      1    5  5  2  1  3  4  5  1  2  3  4  5
      1    4  2  5  4  1  0  4  2  2  3  5  0
      1    3  3  2  1  0  0  3  1  3  5  0  0
      1    5  3  2  4  1  5  5  1  1  3  5  5
      1    4  5  2  1  4  0  4  1  2  5  5  0
      1    5  1  2  5  3  4  5  1  2  3  4  5
      1    4  2  5  4  1  0  4  1  1  5  5  0
      1    2  5  2  0  0  0  2  1  5  0  0  0
      1    5  2  4  1  3  5  5  2  2  3  3  4
      1    2  4  2  0  0  0  2  2  3  0  0  0
      1    5  4  2  1  3  5  5  1  2  3  4  5
      1    4  1  4  2  5  0  4  2  2  3  5  0
      1    5  2  1  4  5  3  5  2  3  3  3  3
      1    5  1  2  4  5  3  5  1  2  4  4  4
      1    5  2  1  3  4  5  5  2  2  2  4  5
      1    4  2  3  1  5  0  4  1  2  4  5  0
      1    5  2  5  4  1  3  5  2  2  3  3  4
      1    5  2  4  5  3  1  5  1  2  2  5  5
      1    5  4  3  2  1  5  5  1  2  3  4  4
      1    5  2  3  5  1  4  5  1  2  3  4  5
      1    3  2  1  4  0  0  3  1  4  4  0  0
      1    5  2  1  3  4  5  5  1  2  3  4  4
      1    4  2  5  1  3  0  4  2  2  3  5  0
      1    5  5  2  1  3  4  5  1  1  3  5  5
      1    5  2  3  5  4  1  5  1  1  4  4  5
      1    5  1  4  2  3  5  5  1  1  3  5  5
      1    3  2  3  1  0  0  3  2  3  4  0  0
      1    4  4  5  2  1  0  4  1  2  5  5  0
      1    5  2  4  5  1  3  5  1  1  4  4  5
      1    4  2  5  1  3  0  4  1  1  5  5  0
      1    5  2  5  4  1  3  5  1  2  4  4  4
      1    4  2  1  5  4  0  4  2  2  4  4  0
      1    5  1  2  5  3  4  5  1  1  4  5  5
      1    5  5  2  4  3  1  5  1  2  2  5  5
      1    5  3  2  4  5  1  5  1  2  3  4  5
      1    5  2  1  4  5  3  5  2  2  2  4  5
      1    4  2  4  5  1  0  4  1  2  5  5  0
      1    5  2  3  5  4  1  5  1  3  3  3  5
      1    3  2  1  5  0  0  3  1  4  4  0  0
      1    5  1  2  3  4  5  5  1  3  3  3  5
      1    5  2  4  1  3  5  5  1  3  3  3  5
      1    5  4  5  2  1  3  5  1  1  4  5  5
      1    5  1  5  2  3  4  5  1  2  4  4  4
      1    4  2  5  4  3  0  4  1  2  4  5  0
      1    5  2  5  1  3  4  5  1  3  3  4  4
      1    4  2  3  4  5  0  4  1  2  5  5  0
      1    4  2  4  5  1  0  4  1  3  3  5  0
      1    3  3  2  1  0  0  3  2  3  4  0  0
      1    5  2  1  3  5  4  5  2  2  2  4  5
      1    5  2  4  5  1  3  5  2  2  3  3  5
      1    4  1  4  2  5  0  4  1  2  4  5  0
      1    4  4  2  1  5  0  4  1  3  3  5  0
      1    5  2  4  5  1  3  5  1  3  3  4  4
      1    5  2  3  5  1  4  5  1  3  3  3  4
      1    3  3  2  4  0  0  3  1  3  5  0  0
      1    5  2  1  5  3  4  5  1  3  3  3  5
      1    4  2  3  4  1  0  4  2  2  3  5  0
      1    4  2  3  4  1  0  4  1  3  4  4  0
      1    5  2  4  1  5  3  5  1  3  3  4  4
      1    4  1  2  4  5  0  4  1  3  3  4  0
      1    5  1  2  5  4  3  5  1  2  2  5  5
      1    4  2  5  4  1  0  4  1  3  4  4  0
      1    4  2  4  3  1  0  4  1  3  4  4  0
      1    5  2  3  5  1  4  5  1  3  3  3  5
      1    4  2  5  1  4  0  4  2  2  4  4  0
      1    4  1  2  4  3  0  4  1  3  3  4  0
      1    3  1  2  5  0  0  3  2  3  3  0  0
      1    4  4  2  5  1  0  4  1  3  3  4  0
      1    5  2  3  4  1  5  5  1  1  3  5  5
      1    5  2  1  4  3  5  5  2  2  2  4  5
      1    5  2  4  1  5  3  5  1  2  2  5  5
      1    3  2  3  4  0  0  3  2  3  4  0  0
      1    4  2  1  3  4  0  4  1  1  4  5  0
      1    3  2  1  4  0  0  3  1  3  4  0  0
      1    5  1  5  2  4  3  5  1  1  4  5  5
      1    4  2  3  5  4  0  4  1  2  4  5  0
      1    4  2  4  1  5  0  4  1  1  5  5  0
      1    5  2  3  1  5  4  5  1  2  4  4  4
      1    3  2  5  1  0  0  3  1  4  4  0  0
      1    4  2  1  4  5  0  4  1  1  5  5  0
      1    5  2  3  1  5  4  5  1  1  3  5  5
      1    4  2  5  4  3  0  4  1  2  5  5  0
      1    5  1  2  3  4  5  5  1  1  3  5  5
      1    4  1  5  2  4  0  4  1  1  5  5  0
      1    4  4  2  1  3  0  4  1  3  3  5  0
      1    3  2  5  4  0  0  3  3  3  3  0  0
      1    5  2  3  5  1  4  5  1  1  4  5  5
      1    4  2  4  3  1  0  4  2  2  3  5  0
      1    5  2  4  3  1  5  5  1  1  4  4  5
      1    5  3  2  1  5  4  5  1  1  3  5  5
      1    4  2  4  5  1  0  4  1  3  3  4  0
      1    5  2  3  1  4  5  5  1  2  4  4  4
      1    4  2  1  5  4  0  4  2  3  3  3  0
      1    5  1  4  2  5  3  5  1  2  3  4  5
      1    4  2  4  1  5  0  4  2  2  3  5  0
      1    5  1  2  5  3  4  5  1  1  4  4  5
      1    5  1  2  3  4  5  5  1  1  4  4  5
      1    4  1  3  2  4  0  4  2  2  3  5  0
      1    5  4  1  2  3  5  5  1  1  3  5  5
      1    4  2  5  1  4  0  4  1  3  4  4  0
      1    5  4  2  5  3  1  5  1  2  2  5  5
      1    3  1  4  2  0  0  3  1  3  4  0  0
      1    4  1  4  2  3  0  4  1  2  4  5  0
      1    5  4  2  1  3  5  5  1  3  3  3  5
      1    2  2  4  0  0  0  2  1  4  0  0  0
      1    3  1  3  2  0  0  3  2  3  4  0  0
      1    5  4  1  2  3  5  5  1  2  3  4  5
      1    3  1  2  3  0  0  3  1  4  4  0  0
      1    5  2  4  5  1  3  5  1  3  3  3  5
      1    3  4  2  1  0  0  3  1  4  4  0  0
      1    5  2  1  5  3  4  5  1  1  3  5  5
      1    5  2  1  3  5  4  5  1  3  3  3  5
      1    5  2  5  1  3  4  5  1  1  3  5  5
      1    5  3  1  2  5  4  5  2  2  3  3  5
      1    5  1  4  2  3  5  5  2  2  3  3  4
      1    3  3  4  2  0  0  3  2  2  5  0  0
      1    5  2  4  3  1  5  5  2  2  2  4  5
      1    2  2  3  0  0  0  2  2  4  0  0  0
      1    5  2  1  5  4  3  5  2  2  2  4  5
      1    5  3  2  1  5  4  5  1  1  4  4  5
      1    4  2  1  3  4  0  4  2  3  3  3  0
      1    5  2  3  1  4  5  5  1  1  2  5  5
      1    3  2  4  1  0  0  3  3  3  3  0  0
      1    3  3  4  2  0  0  3  1  3  5  0  0
      1    5  5  2  4  1  3  5  1  2  2  5  5
      1    2  2  4  0  0  0  2  3  3  0  0  0
      1    2  2  3  0  0  0  2  2  3  0  0  0
      1    5  4  2  1  5  3  5  1  1  4  5  5
      1    5  2  5  4  3  1  5  1  1  4  5  5
      1    4  2  1  4  5  0  4  2  2  4  4  0
      1    3  1  4  2  0  0  3  2  3  4  0  0
      1    5  3  2  5  4  1  5  1  2  2  5  5
      1    4  5  1  2  3  0  4  2  2  3  5  0
      1    4  3  4  2  5  0  4  1  1  5  5  0
      1    5  1  2  5  3  4  5  1  2  2  5  5
      1    5  5  2  1  4  3  5  1  2  2  5  5
      1    5  2  1  3  4  5  5  1  3  3  3  5
      1    3  4  2  1  0  0  3  2  3  4  0  0
      1    4  2  1  5  4  0  4  1  3  3  4  0
      1    4  2  1  3  5  0  4  1  2  5  5  0
      1    5  2  5  1  4  3  5  1  3  3  4  4
      1    5  1  2  3  4  5  5  1  1  4  5  5
      1    3  2  4  5  0  0  3  3  3  3  0  0
      1    5  2  1  3  5  4  5  1  1  3  5  5
      1    5  2  4  3  5  1  5  1  3  3  4  4
      1    5  1  4  2  5  3  5  1  1  3  5  5
      1    4  4  2  1  3  0  4  1  2  5  5  0
      1    5  4  2  3  1  5  5  1  1  4  5  5
      1    4  2  1  4  3  0  4  1  3  3  4  0
  0
Burlington2009
