Burlington2009   Burlington_VA  2009
'Rating type, # raw ballots, # processed, final # combined: ' -1      8981      8981       261
'# candidates to be elected, # reduced, original #: '  2  5  6
'Max # ranked or rated, max # rating levels, undervote penalty: '  5  1  1
'Original candidates, as reordered: '  2  1  5  4  3
    854    1  3  0  0  0  0
    359    2  2  1  0  0  0
    333    1  2  0  0  0  0
    275    2  3  4  0  0  0
    262    2  3  1  0  0  0
    236    3  2  1  4  0  0
    203    2  1  2  0  0  0
    186    1  1  0  0  0  0
    147    3  3  1  4  0  0
    145    3  1  2  4  0  0
    141    2  1  4  0  0  0
    127    2  2  4  0  0  0
    126    1  4  0  0  0  0
    123    5  2  1  4  3  5
    123    3  3  4  1  0  0
    122    3  2  4  1  0  0
    120    5  2  1  4  5  3
    104    5  3  1  4  5  2
    103    5  2  1  5  4  3
    102    5  3  1  4  2  5
    101    5  3  4  1  2  5
     95    2  4  3  0  0  0
     95    2  1  3  0  0  0
     93    3  1  4  2  0  0
     93    2  4  1  0  0  0
     90    5  3  4  1  5  2
     88    3  4  2  1  0  0
     83    3  4  1  2  0  0
     81    2  3  2  0  0  0
     80    5  2  4  1  5  3
     76    5  3  4  5  1  2
     72    5  1  2  4  3  5
     71    5  2  1  3  4  5
     69    5  1  4  2  3  5
     69    5  3  1  2  4  5
     67    2  2  3  0  0  0
     66    3  1  4  3  0  0
     61    4  2  1  4  3  0
     61    5  1  2  4  5  3
     60    5  1  3  4  2  5
     58    5  4  2  1  5  3
     58    4  3  1  4  2  0
     58    3  1  3  4  0  0
     56    5  1  3  2  4  5
     55    5  2  4  1  3  5
     55    4  2  1  4  5  0
     53    5  1  4  2  5  3
     52    3  2  1  5  0  0
     52    5  3  4  2  1  5
     52    5  4  3  1  2  5
     52    5  1  4  3  2  5
     51    2  4  2  0  0  0
     50    3  2  1  3  0  0
     50    5  1  2  3  4  5
     50    5  3  2  1  4  5
     50    3  4  3  1  0  0
     48    3  1  2  3  0  0
     48    3  3  1  2  0  0
     46    4  3  4  1  2  0
     45    5  3  2  4  1  5
     44    4  2  1  5  4  0
     43    5  4  1  2  3  5
     42    4  1  2  4  3  0
     41    4  1  4  2  3  0
     39    5  2  3  1  4  5
     39    5  1  3  4  5  2
     38    4  2  4  1  5  0
     38    5  4  1  2  5  3
     37    4  1  3  4  2  0
     37    3  4  1  3  0  0
     34    4  1  4  3  2  0
     34    3  1  3  2  0  0
     33    4  1  2  4  5  0
     32    3  2  3  1  0  0
     32    5  4  2  1  3  5
     31    5  4  1  3  2  5
     30    4  2  4  1  3  0
     30    4  4  2  1  3  0
     30    4  4  1  2  3  0
     30    3  3  4  2  0  0
     29    2  3  5  0  0  0
     28    5  4  3  1  5  2
     27    5  1  4  5  2  3
     27    5  1  2  5  4  3
     27    5  4  3  2  1  5
     27    4  4  1  3  2  0
     26    5  2  4  3  1  5
     24    4  2  1  3  4  0
     24    5  2  5  1  4  3
     24    4  1  2  3  4  0
     24    3  3  2  1  0  0
     23    5  2  4  5  1  3
     23    5  1  4  3  5  2
     21    5  2  3  4  1  5
     21    4  4  2  1  5  0
     21    5  3  2  1  5  4
     21    4  3  4  2  1  0
     21    3  3  2  4  0  0
     20    2  2  5  0  0  0
     20    4  1  3  2  4  0
     19    5  3  1  5  4  2
     18    4  1  4  2  5  0
     18    5  4  1  5  2  3
     17    4  2  4  5  1  0
     17    4  3  1  2  4  0
     17    3  3  4  5  0  0
     17    5  3  4  2  5  1
     17    4  4  3  1  2  0
     16    3  2  5  1  0  0
     16    4  2  3  4  1  0
     16    5  4  2  3  1  5
     16    4  3  4  1  5  0
     16    3  4  3  2  0  0
     15    3  2  4  5  0  0
     15    4  2  4  3  1  0
     15    4  3  2  1  4  0
     15    5  3  4  5  2  1
     15    5  4  1  5  3  2
     14    5  2  1  3  5  4
     14    5  4  2  5  1  3
     13    3  2  4  3  0  0
     13    4  2  3  1  4  0
     13    5  2  1  5  3  4
     13    4  1  2  5  4  0
     13    4  4  3  2  1  0
     13    5  4  1  3  5  2
     12    5  2  3  1  5  4
     12    3  2  3  4  0  0
     12    5  2  5  4  1  3
     12    3  1  2  5  0  0
     12    4  4  1  2  5  0
     12    5  3  2  4  5  1
     12    5  4  3  5  1  2
     12    5  1  3  5  4  2
     12    5  1  4  5  3  2
     11    4  2  5  1  4  0
     11    3  4  2  3  0  0
     11    5  1  2  3  5  4
     11    5  3  5  4  1  2
     10    5  4  2  3  5  1
     10    5  3  5  4  2  1
     10    3  1  5  4  0  0
      9    3  2  5  4  0  0
      9    4  4  2  3  1  0
      9    5  1  5  2  4  3
      9    5  4  5  1  2  3
      9    5  3  1  2  5  4
      8    5  1  5  4  2  3
      8    4  3  1  4  5  0
      8    3  3  5  4  0  0
      8    5  1  5  4  3  2
      8    3  1  4  5  0  0
      7    5  2  5  1  3  4
      7    4  4  2  5  1  0
      7    3  4  2  5  0  0
      7    3  1  5  2  0  0
      7    4  3  4  5  1  0
      7    5  3  1  5  2  4
      7    2  4  5  0  0  0
      6    5  2  4  5  3  1
      6    5  2  3  5  4  1
      6    5  2  3  4  5  1
      6    4  2  5  4  1  0
      6    4  4  5  1  2  0
      6    4  1  4  3  5  0
      5    5  2  3  5  1  4
      5    5  2  4  3  5  1
      5    5  4  5  2  1  3
      5    4  1  5  4  2  0
      5    4  1  2  3  5  0
      5    4  3  2  4  1  0
      5    4  3  5  1  2  0
      5    5  3  5  1  4  2
      5    5  4  3  2  5  1
      5    4  1  3  4  5  0
      5    2  1  5  0  0  0
      5    3  4  1  5  0  0
      5    3  4  5  1  0  0
      4    4  2  3  1  5  0
      4    4  4  5  2  1  0
      4    5  5  4  2  1  3
      4    4  1  4  5  2  0
      4    5  1  2  5  3  4
      4    5  3  5  1  2  4
      4    3  4  3  5  0  0
      4    1  5  0  0  0  0
      3    4  2  5  4  3  0
      3    5  2  5  4  3  1
      3    4  2  3  4  5  0
      3    5  2  5  3  1  4
      3    2  5  2  0  0  0
      3    4  4  1  5  2  0
      3    3  3  1  5  0  0
      3    4  4  3  5  1  0
      3    4  4  3  1  5  0
      3    2  5  3  0  0  0
      3    5  1  3  2  5  4
      3    3  1  3  5  0  0
      2    4  2  1  5  3  0
      2    4  2  5  1  3  0
      2    3  2  5  3  0  0
      2    4  2  3  5  1  0
      2    3  4  5  2  0  0
      2    4  4  2  3  5  0
      2    5  4  5  2  3  1
      2    5  5  2  1  3  4
      2    3  5  2  1  0  0
      2    4  5  2  4  1  0
      2    4  1  5  2  4  0
      2    4  1  5  2  3  0
      2    4  3  2  4  5  0
      2    5  3  2  5  4  1
      2    4  3  5  4  1  0
      2    5  3  5  2  1  4
      2    3  3  2  5  0  0
      2    4  3  1  5  2  0
      2    3  4  5  3  0  0
      2    5  4  3  5  2  1
      2    5  4  5  3  1  2
      2    3  1  5  3  0  0
      2    5  1  5  3  2  4
      2    4  1  4  5  3  0
      2    4  1  5  3  2  0
      2    5  1  5  3  4  2
      2    4  1  5  4  3  0
      2    4  4  1  3  5  0
      1    4  2  3  5  4  0
      1    4  2  1  3  5  0
      1    5  2  5  3  4  1
      1    4  2  4  3  5  0
      1    4  4  5  2  3  0
      1    4  4  2  5  3  0
      1    4  5  2  1  4  0
      1    5  5  2  1  4  3
      1    4  5  2  1  3  0
      1    5  5  2  3  1  4
      1    4  5  2  4  3  0
      1    3  5  4  2  0  0
      1    4  1  2  5  3  0
      1    5  5  4  1  2  3
      1    3  3  5  1  0  0
      1    4  3  5  1  4  0
      1    4  3  1  5  4  0
      1    5  3  5  2  4  1
      1    3  3  5  2  0  0
      1    4  3  2  5  1  0
      1    5  3  2  5  1  4
      1    4  3  1  2  5  0
      1    5  4  5  3  2  1
      1    3  5  4  3  0  0
      1    5  5  4  3  1  2
      1    5  5  3  2  4  1
      1    4  1  3  5  2  0
      1    5  1  3  5  2  4
      1    5  4  5  1  3  2
      1    4  4  5  1  3  0
      1    5  5  1  3  4  2
      1    4  5  1  3  2  0
      1    5  5  1  4  3  2
      1    3  5  4  1  0  0
      1    3  5  1  4  0  0
  0
Burlington2009
