Burlington2006   Burlington_VA  2006
'Rating type, # raw ballots, # processed, final # combined: ' -1      9789      9789       265
'# candidates to be elected, # reduced, original #: '  2  5  6
'Max # ranked or rated, max # rating levels, undervote penalty: '  5  1  1
'Original candidates, as reordered: '  3  4  2  1  5
   1144    2  1  2  0  0  0
    885    2  2  1  0  0  0
    800    1  3  0  0  0  0
    549    1  2  0  0  0  0
    493    1  1  0  0  0  0
    302    2  3  2  0  0  0
    275    2  2  3  0  0  0
    253    3  1  2  3  0  0
    220    2  3  1  0  0  0
    213    2  1  3  0  0  0
    202    3  2  1  3  0  0
    145    3  1  3  2  0  0
    140    3  3  2  1  0  0
    128    3  2  3  1  0  0
    127    3  3  1  2  0  0
    110    5  1  2  3  5  4
    103    5  1  2  5  4  3
     98    5  1  2  4  5  3
     98    2  3  4  0  0  0
     96    5  2  1  3  5  4
     88    5  2  1  3  4  5
     86    3  1  2  5  0  0
     85    5  2  3  1  5  4
     80    5  2  1  5  4  3
     76    3  1  2  4  0  0
     76    5  2  1  4  5  3
     75    5  1  3  2  5  4
     75    5  1  2  3  4  5
     68    5  3  2  1  5  4
     67    5  1  2  5  3  4
     60    5  3  2  1  4  5
     58    5  3  1  2  5  4
     55    3  2  1  5  0  0
     53    5  2  3  1  4  5
     52    5  3  1  2  4  5
     48    5  1  3  2  4  5
     48    5  3  1  4  5  2
     48    3  2  1  4  0  0
     47    5  1  3  5  4  2
     47    5  2  1  5  3  4
     43    2  1  5  0  0  0
     41    5  3  1  5  4  2
     39    5  1  5  4  2  3
     37    2  1  4  0  0  0
     36    3  1  3  4  0  0
     35    3  3  4  5  0  0
     33    5  3  4  5  1  2
     33    1  4  0  0  0  0
     32    5  1  3  4  5  2
     30    3  3  1  4  0  0
     30    4  2  1  3  4  0
     29    4  1  2  5  4  0
     29    5  1  4  5  2  3
     28    4  2  1  4  5  0
     27    5  1  2  4  3  5
     27    5  3  5  4  1  2
     27    5  3  2  4  5  1
     26    3  1  3  5  0  0
     25    3  1  5  2  0  0
     24    5  1  5  2  3  4
     24    5  1  5  4  3  2
     24    5  1  3  5  2  4
     23    5  1  5  2  4  3
     23    4  1  2  3  4  0
     23    3  1  4  5  0  0
     22    4  1  2  4  5  0
     22    5  1  3  4  2  5
     22    5  2  1  4  3  5
     21    3  1  5  4  0  0
     21    3  1  4  2  0  0
     21    5  3  4  1  5  2
     21    3  3  4  2  0  0
     21    4  3  2  1  4  0
     21    3  3  2  4  0  0
     20    4  1  3  4  5  0
     20    4  1  2  4  3  0
     20    2  3  5  0  0  0
     19    4  1  3  2  4  0
     19    5  3  1  5  2  4
     19    5  3  4  1  2  5
     19    2  2  4  0  0  0
     19    2  2  5  0  0  0
     19    4  2  1  5  4  0
     19    5  2  3  4  5  1
     19    5  2  3  5  1  4
     19    3  3  2  5  0  0
     18    5  1  4  5  3  2
     18    3  3  1  5  0  0
     18    5  2  4  5  1  3
     18    5  3  2  5  4  1
     18    5  3  2  5  1  4
     18    5  3  2  4  1  5
     17    5  1  4  2  5  3
     17    5  2  5  1  4  3
     17    5  3  4  5  2  1
     16    5  3  1  4  2  5
     16    5  2  3  4  1  5
     15    5  2  3  5  4  1
     14    4  3  1  4  5  0
     14    3  3  4  1  0  0
     14    5  2  4  1  5  3
     14    3  2  4  5  0  0
     14    5  3  5  4  2  1
     13    4  3  1  2  5  0
     13    4  3  1  4  2  0
     13    4  2  3  1  4  0
     12    3  1  5  3  0  0
     12    3  2  3  5  0  0
     12    4  2  1  4  3  0
     11    5  1  5  3  2  4
     11    4  3  1  2  4  0
     11    4  2  3  4  1  0
     11    3  2  5  1  0  0
     11    5  3  4  2  1  5
     10    5  1  4  3  5  2
     10    4  1  3  5  2  0
     10    4  1  4  3  2  0
     10    4  2  1  3  5  0
     10    5  2  5  4  1  3
     10    2  4  3  0  0  0
      9    4  1  3  2  5  0
      9    4  1  4  5  2  0
      9    5  1  4  2  3  5
      9    4  1  5  3  4  0
      9    3  2  3  4  0  0
      9    5  2  5  1  3  4
      9    5  3  4  2  5  1
      9    3  3  5  4  0  0
      8    4  1  2  3  5  0
      8    5  1  5  3  4  2
      8    4  3  4  5  1  0
      8    5  3  5  1  4  2
      8    5  3  5  1  2  4
      7    4  1  2  5  3  0
      7    4  1  3  5  4  0
      7    4  3  1  5  4  0
      7    2  4  1  0  0  0
      6    5  1  4  3  2  5
      6    5  4  3  1  2  5
      6    3  5  1  4  0  0
      6    5  2  4  5  3  1
      6    5  2  4  3  1  5
      6    4  2  1  5  3  0
      6    5  2  4  3  5  1
      6    4  3  2  4  5  0
      6    4  3  2  5  4  0
      6    5  3  5  2  1  4
      6    5  5  2  1  4  3
      6    2  5  3  0  0  0
      5    4  1  5  4  2  0
      5    4  1  5  2  4  0
      5    4  1  5  2  3  0
      5    3  1  4  3  0  0
      5    4  3  4  1  5  0
      5    5  2  4  1  3  5
      5    3  2  4  1  0  0
      5    1  5  0  0  0  0
      4    4  1  4  2  5  0
      4    4  1  5  4  3  0
      4    4  3  4  1  2  0
      4    4  3  1  5  2  0
      4    3  3  5  1  0  0
      4    5  4  1  2  5  3
      4    3  4  1  5  0  0
      4    3  2  4  3  0  0
      4    4  2  4  3  1  0
      4    5  2  5  4  3  1
      4    4  2  3  5  1  0
      4    5  2  5  3  4  1
      4    4  2  4  1  3  0
      4    5  4  2  1  3  5
      4    2  4  2  0  0  0
      4    3  4  3  5  0  0
      3    4  1  4  3  5  0
      3    4  1  3  4  2  0
      3    4  1  4  2  3  0
      3    3  4  3  1  0  0
      3    5  4  1  3  2  5
      3    5  4  5  1  3  2
      3    4  2  4  5  1  0
      3    5  2  5  3  1  4
      3    4  2  3  1  5  0
      3    4  2  4  3  5  0
      3    4  2  5  1  4  0
      3    5  3  5  2  4  1
      3    4  3  2  1  5  0
      3    4  3  4  2  1  0
      3    5  5  2  3  1  4
      3    2  5  2  0  0  0
      2    4  1  4  5  3  0
      2    5  4  1  3  5  2
      2    4  4  3  1  2  0
      2    4  4  1  5  3  0
      2    4  4  3  5  1  0
      2    5  4  3  5  1  2
      2    3  4  1  2  0  0
      2    5  4  1  5  3  2
      2    5  4  1  2  3  5
      2    2  5  1  0  0  0
      2    3  5  1  3  0  0
      2    3  5  1  2  0  0
      2    5  5  1  2  3  4
      2    5  5  4  1  3  2
      2    3  2  5  3  0  0
      2    4  2  5  3  4  0
      2    4  2  3  5  4  0
      2    4  2  5  1  3  0
      2    4  3  5  4  2  0
      2    4  3  4  5  2  0
      2    4  3  5  2  1  0
      2    3  3  5  2  0  0
      2    4  3  2  5  1  0
      2    4  3  4  2  5  0
      2    5  4  2  1  5  3
      2    3  4  2  3  0  0
      2    5  4  2  3  1  5
      2    5  4  5  3  2  1
      2    4  5  2  1  3  0
      2    3  5  2  1  0  0
      1    4  1  5  3  2  0
      1    4  3  5  4  1  0
      1    3  4  1  3  0  0
      1    5  4  3  1  5  2
      1    4  4  1  2  5  0
      1    4  4  5  3  1  0
      1    4  4  5  1  2  0
      1    4  4  3  1  5  0
      1    4  4  1  2  3  0
      1    4  4  1  3  2  0
      1    4  5  4  3  1  0
      1    5  5  1  3  2  4
      1    3  5  4  1  0  0
      1    5  5  4  1  2  3
      1    5  5  1  3  4  2
      1    5  5  3  1  4  2
      1    5  5  1  4  2  3
      1    5  5  3  4  1  2
      1    5  5  1  4  3  2
      1    4  5  4  1  2  0
      1    4  5  1  3  4  0
      1    5  5  4  3  1  2
      1    4  2  5  4  3  0
      1    4  2  5  3  1  0
      1    3  2  5  4  0  0
      1    4  2  4  1  5  0
      1    4  2  3  4  5  0
      1    3  4  2  1  0  0
      1    5  4  5  2  1  3
      1    3  4  5  2  0  0
      1    4  4  2  3  5  0
      1    4  4  2  1  5  0
      1    4  4  3  2  5  0
      1    4  4  3  2  1  0
      1    4  4  2  5  1  0
      1    5  4  3  2  1  5
      1    5  4  2  5  1  3
      1    3  4  2  5  0  0
      1    4  4  2  3  1  0
      1    5  5  4  3  2  1
      1    5  5  3  4  2  1
      1    4  5  4  2  1  0
      1    3  5  2  4  0  0
      1    5  4  2  3  5  1
      1    2  4  5  0  0  0
      1    2  5  4  0  0  0
  0
Burlington2006
