Prior noise correlation levels post Out6d1@ & Out6d2@ with del=0.025 (4-30-2025)   *** 0
  3.521  2.550  2.873  2.964  2.500  3.012  2.500  2.500
  2.500  2.752  2.942  2.872  2.500  2.500  2.994  2.796
  2.500  2.500  2.977  2.500  3.503  2.500  2.928  2.550  
  3.126  2.500  2.699  4.000  3.847  3.468  2.663  3.692  
  3.677  2.756  2.809  3.488  3.230  3.829  3.822  3.976

Prior noise correlation levels before Out6d1@ & Out6d2@ with del=0.025 (4-30-2025)   *** 0
  3.521  2.550  2.873  2.964  2.500  3.012  2.500  2.500
  2.500  2.752  2.942  2.872  2.500  2.500  2.994  2.796
  2.500  2.500  2.977  2.500  3.503  2.500  2.928  2.500  
  3.126  2.500  2.699  4.000  3.847  3.468  2.663  3.692  
  3.677  2.756  2.809  3.488  3.230  3.804  3.947  3.976


Verifiction:  Out00@. 1-40. 4-30-25. Operating on post Out6d1@ & Out6d2@ Noise_cor values

  4  23  13  0  0  #52
# clusters 1  districts 28 32 33 36
# clusters 2  districts  1  4  5  7  8  9 12 13 14 15 17 20 21 22 25 26 27 29 30 31 34 35 37
# clusters 3  districts  2  3  6 10 11 16 18 19 23 24 38 39 40
  1:  12  6  15  16  12  12  13
  2:  3  1  4  5  6  8  7
  3:  0  0  1  2  3  4  3
  4:  0  0  0  0  1  1  1


