Hawick_Denh   Scottish_Borders  2012
'Rating type, # raw ballots, # processed, final # combined: ' -1      3057       591       586
'# candidates to be elected, # reduced, original #: '  3  7  7
'Max # ranked or rated, max # rating levels, undervote penalty: '  6  1  1
'Original candidates, as reordered: '  6  7  4  2  5  3  1
    621    1  1  0  0  0  0  0
    114    1  3  0  0  0  0  0
     91    2  1  3  0  0  0  0
     89    2  1  2  0  0  0  0
     86    1  4  0  0  0  0  0
     80    3  1  2  3  0  0  0
     75    3  1  2  4  0  0  0
     66    3  1  3  2  0  0  0
     60    2  1  4  0  0  0  0
     50    3  1  4  2  0  0  0
     48    2  4  1  0  0  0  0
     40    3  3  1  2  0  0  0
     39    2  3  1  0  0  0  0
     36    1  5  0  0  0  0  0
     34    2  2  1  0  0  0  0
     33    1  2  0  0  0  0  0
     30    3  1  3  4  0  0  0
     29    2  1  7  0  0  0  0
     27    3  2  1  3  0  0  0
     25    2  3  6  0  0  0  0
     24    3  1  4  3  0  0  0
     23    2  3  2  0  0  0  0
     23    3  1  2  7  0  0  0
     21    3  4  1  2  0  0  0
     20    3  1  4  5  0  0  0
     20    3  1  3  7  0  0  0
     19    3  1  7  5  0  0  0
     19    2  1  5  0  0  0  0
     18    3  1  4  7  0  0  0
     17    4  1  2  3  4  0  0
     17    3  1  2  5  0  0  0
     16    3  4  1  7  0  0  0
     15    1  6  0  0  0  0  0
     14    3  3  1  6  0  0  0
     14    2  5  1  0  0  0  0
     14    4  1  3  2  4  0  0
     14    3  2  1  4  0  0  0
     13    2  4  5  0  0  0  0
     13    3  1  5  4  0  0  0
     13    3  2  3  1  0  0  0
     12    3  3  2  1  0  0  0
     12    4  1  2  4  3  0  0
     11    3  4  5  2  0  0  0
     11    3  1  5  7  0  0  0
     10    3  4  3  1  0  0  0
     10    3  1  7  4  0  0  0
     10    3  1  7  3  0  0  0
     10    3  1  5  2  0  0  0
     10    3  1  2  6  0  0  0
     10    3  2  4  1  0  0  0
      9    3  4  1  6  0  0  0
      9    3  4  2  1  0  0  0
      9    2  6  3  0  0  0  0
      8    2  4  2  0  0  0  0
      8    3  3  6  2  0  0  0
      8    2  5  4  0  0  0  0
      8    3  1  7  6  0  0  0
      8    3  1  7  2  0  0  0
      8    3  1  4  6  0  0  0
      8    2  1  6  0  0  0  0
      8    2  2  3  0  0  0  0
      7    1  7  0  0  0  0  0
      7    2  4  3  0  0  0  0
      7    3  4  5  6  0  0  0
      7    2  3  4  0  0  0  0
      7    3  3  1  7  0  0  0
      7    3  3  2  6  0  0  0
      7    3  1  6  7  0  0  0
      7    3  1  3  6  0  0  0
      7    3  1  3  5  0  0  0
      6    3  4  1  5  0  0  0
      6    3  3  4  2  0  0  0
      6    3  3  6  7  0  0  0
      6    3  3  1  5  0  0  0
      6    4  1  4  2  3  0  0
      6    3  2  1  6  0  0  0
      5    2  4  6  0  0  0  0
      5    3  3  6  4  0  0  0
      5    3  3  1  4  0  0  0
      5    4  3  1  2  6  0  0
      5    3  5  7  1  0  0  0
      5    3  5  4  1  0  0  0
      5    3  5  4  2  0  0  0
      5    3  5  1  7  0  0  0
      5    3  2  4  7  0  0  0
      5    3  2  5  6  0  0  0
      5    3  2  1  5  0  0  0
      4    3  4  3  2  0  0  0
      4    3  4  1  3  0  0  0
      4    3  4  2  6  0  0  0
      4    3  4  2  5  0  0  0
      4    3  6  3  1  0  0  0
      4    2  6  1  0  0  0  0
      4    3  3  7  1  0  0  0
      4    2  5  6  0  0  0  0
      4    3  5  1  4  0  0  0
      4    3  5  2  3  0  0  0
      4    4  1  4  3  2  0  0
      4    6  1  2  3  7  4  5
      4    2  2  4  0  0  0  0
      4    3  2  4  5  0  0  0
      4    3  2  3  6  0  0  0
      4    3  2  5  3  0  0  0
      4    3  2  1  7  0  0  0
      3    2  7  1  0  0  0  0
      3    3  4  7  1  0  0  0
      3    3  4  6  1  0  0  0
      3    4  4  1  7  6  0  0
      3    2  6  2  0  0  0  0
      3    3  3  6  1  0  0  0
      3    4  3  1  6  7  0  0
      3    3  3  2  4  0  0  0
      3    3  5  4  6  0  0  0
      3    3  5  6  7  0  0  0
      3    3  5  6  1  0  0  0
      3    3  5  1  6  0  0  0
      3    3  5  1  3  0  0  0
      3    3  5  1  2  0  0  0
      3    2  5  2  0  0  0  0
      3    6  1  4  5  7  6  2
      3    3  1  6  4  0  0  0
      3    3  1  6  3  0  0  0
      3    3  1  6  5  0  0  0
      3    3  1  6  2  0  0  0
      3    6  1  3  7  2  6  4
      3    4  1  3  4  2  0  0
      3    3  1  5  6  0  0  0
      3    4  1  2  4  7  0  0
      3    6  1  2  3  5  7  6
      3    3  2  4  6  0  0  0
      3    2  2  6  0  0  0  0
      3    3  2  5  1  0  0  0
      3    4  2  5  1  3  0  0
      2    3  7  1  4  0  0  0
      2    3  7  1  2  0  0  0
      2    2  4  7  0  0  0  0
      2    3  4  7  5  0  0  0
      2    4  4  7  1  6  0  0
      2    3  4  6  7  0  0  0
      2    3  4  6  3  0  0  0
      2    3  4  6  5  0  0  0
      2    6  4  6  1  7  2  5
      2    3  4  6  2  0  0  0
      2    6  4  3  2  5  6  7
      2    3  4  5  1  0  0  0
      2    6  4  5  2  1  7  6
      2    6  4  1  7  6  2  5
      2    6  4  1  5  7  6  2
      2    6  4  1  2  7  6  5
      2    3  4  2  7  0  0  0
      2    3  4  2  3  0  0  0
      2    4  4  2  1  5  0  0
      2    2  6  7  0  0  0  0
      2    3  6  7  3  0  0  0
      2    4  6  4  2  1  0  0
      2    3  6  3  4  0  0  0
      2    3  6  3  2  0  0  0
      2    3  6  5  7  0  0  0
      2    3  6  1  7  0  0  0
      2    3  6  2  3  0  0  0
      2    3  3  4  6  0  0  0
      2    6  3  4  2  1  7  5
      2    4  3  6  1  2  0  0
      2    3  3  5  4  0  0  0
      2    3  3  5  2  0  0  0
      2    6  3  1  2  4  7  6
      2    4  3  2  6  1  0  0
      2    6  3  2  6  1  7  5
      2    3  3  2  5  0  0  0
      2    6  3  2  5  1  6  7
      2    4  3  2  1  7  0  0
      2    3  5  7  4  0  0  0
      2    4  5  6  7  1  0  0
      2    3  5  6  4  0  0  0
      2    3  5  3  2  0  0  0
      2    3  5  2  6  0  0  0
      2    6  1  7  4  6  5  2
      2    4  1  7  4  2  0  0
      2    4  1  7  5  2  0  0
      2    4  1  7  2  4  0  0
      2    6  1  4  7  6  5  2
      2    4  1  4  3  5  0  0
      2    6  1  4  3  2  7  5
      2    4  1  4  2  5  0  0
      2    6  1  4  2  5  6  7
      2    6  1  6  3  4  5  2
      2    6  1  3  2  7  5  4
      2    6  1  5  4  7  6  3
      2    3  1  5  3  0  0  0
      2    4  1  2  7  4  0  0
      2    6  1  2  7  4  6  5
      2    4  1  2  7  5  0  0
      2    6  1  2  4  7  5  3
      2    4  1  2  4  6  0  0
      2    6  1  2  4  3  7  5
      2    6  1  2  4  3  6  7
      2    4  1  2  4  5  0  0
      2    4  1  2  3  7  0  0
      2    5  1  2  3  4  7  0
      2    6  1  2  3  4  6  7
      2    6  1  2  3  5  6  4
      2    4  1  2  5  7  0  0
      2    3  2  4  3  0  0  0
      2    3  2  6  4  0  0  0
      2    4  2  6  3  1  0  0
      2    4  2  6  1  3  0  0
      2    3  2  3  4  0  0  0
      2    3  2  3  5  0  0  0
      2    2  2  5  0  0  0  0
      2    4  2  1  3  7  0  0
      2    4  2  1  3  5  0  0
      1    6  7  4  6  3  5  1
      1    4  7  4  5  1  0  0
      1    6  7  4  1  2  3  5
      1    5  7  4  1  2  5  0
      1    3  7  6  1  0  0  0
      1    2  7  3  0  0  0  0
      1    3  7  5  2  0  0  0
      1    4  7  5  2  1  0  0
      1    3  7  1  6  0  0  0
      1    6  7  1  6  3  4  2
      1    4  7  1  6  5  0  0
      1    3  7  1  3  0  0  0
      1    6  7  1  3  6  2  5
      1    6  7  1  2  4  3  6
      1    6  7  1  2  4  3  5
      1    4  7  1  2  6  0  0
      1    3  4  7  6  0  0  0
      1    4  4  7  6  2  0  0
      1    5  4  7  3  2  6  0
      1    6  4  7  5  6  1  2
      1    6  4  7  1  6  2  3
      1    6  4  7  1  6  2  5
      1    3  4  7  2  0  0  0
      1    6  4  7  2  6  1  5
      1    4  4  7  2  1  0  0
      1    6  4  6  7  3  5  1
      1    4  4  6  7  1  0  0
      1    6  4  6  7  1  5  2
      1    6  4  6  7  1  2  3
      1    6  4  6  3  5  2  1
      1    4  4  6  3  2  0  0
      1    6  4  6  5  7  1  3
      1    4  4  6  5  1  0  0
      1    4  4  6  1  7  0  0
      1    6  4  6  1  7  3  2
      1    6  4  6  1  7  5  3
      1    6  4  6  1  7  5  2
      1    6  4  6  2  5  3  1
      1    6  4  3  7  6  5  2
      1    3  4  3  6  0  0  0
      1    4  4  3  6  2  0  0
      1    3  4  3  5  0  0  0
      1    6  4  3  5  7  6  1
      1    4  4  3  5  6  0  0
      1    6  4  3  5  6  7  1
      1    6  4  3  1  7  5  6
      1    4  4  3  1  2  0  0
      1    6  4  3  1  2  7  6
      1    6  4  3  2  6  1  7
      1    3  4  5  7  0  0  0
      1    5  4  5  7  1  2  0
      1    6  4  5  7  2  6  1
      1    6  4  5  6  7  1  2
      1    3  4  5  3  0  0  0
      1    5  4  5  3  6  2  0
      1    6  4  5  1  6  7  2
      1    6  4  5  1  2  7  6
      1    6  4  5  2  7  6  1
      1    6  4  5  2  7  1  6
      1    6  4  1  7  6  5  2
      1    4  4  1  7  5  0  0
      1    6  4  1  7  2  6  5
      1    4  4  1  6  7  0  0
      1    6  4  1  6  7  5  3
      1    6  4  1  6  7  2  3
      1    6  4  1  6  5  7  2
      1    6  4  1  3  2  7  5
      1    5  4  1  3  2  5  0
      1    6  4  1  5  3  2  7
      1    6  4  1  5  2  6  7
      1    6  4  1  2  7  6  3
      1    4  4  1  2  6  0  0
      1    6  4  1  2  3  6  7
      1    4  4  1  2  5  0  0
      1    6  4  2  5  7  6  1
      1    6  4  2  5  7  1  6
      1    6  4  2  5  7  1  3
      1    4  4  2  1  7  0  0
      1    5  4  2  1  7  5  0
      1    6  4  2  1  7  5  6
      1    4  4  2  1  3  0  0
      1    6  4  2  1  5  3  7
      1    3  6  7  4  0  0  0
      1    5  6  7  3  1  5  0
      1    4  6  7  5  1  0  0
      1    3  6  7  1  0  0  0
      1    2  6  4  0  0  0  0
      1    4  6  4  7  1  0  0
      1    6  6  4  3  7  1  2
      1    3  6  4  1  0  0  0
      1    4  6  4  2  3  0  0
      1    6  6  4  2  1  7  5
      1    3  6  3  7  0  0  0
      1    4  6  3  7  1  0  0
      1    4  6  3  1  7  0  0
      1    6  6  3  2  1  7  5
      1    3  6  5  1  0  0  0
      1    3  6  5  2  0  0  0
      1    6  6  1  7  5  2  4
      1    3  6  1  4  0  0  0
      1    5  6  1  4  3  2  0
      1    6  6  1  4  2  7  5
      1    3  6  1  2  0  0  0
      1    4  6  1  2  3  0  0
      1    4  6  2  7  1  0  0
      1    6  6  2  7  1  3  4
      1    2  3  7  0  0  0  0
      1    5  3  7  4  6  1  0
      1    4  3  7  6  2  0  0
      1    6  3  7  5  2  1  6
      1    5  3  7  1  6  2  0
      1    6  3  7  1  6  2  5
      1    4  3  4  6  1  0  0
      1    4  3  4  6  2  0  0
      1    3  3  4  1  0  0  0
      1    4  3  4  1  6  0  0
      1    6  3  4  1  6  2  7
      1    6  3  4  1  2  7  6
      1    4  3  4  2  6  0  0
      1    6  3  4  2  6  7  1
      1    6  3  6  7  4  1  2
      1    6  3  6  7  1  5  2
      1    5  3  6  7  1  2  0
      1    6  3  6  7  1  2  5
      1    3  3  6  5  0  0  0
      1    4  3  6  1  7  0  0
      1    6  3  6  1  5  4  7
      1    2  3  5  0  0  0  0
      1    6  3  5  7  1  6  2
      1    6  3  5  6  2  4  1
      1    3  3  5  1  0  0  0
      1    5  3  5  1  7  4  0
      1    6  3  5  1  7  4  6
      1    6  3  5  1  2  6  7
      1    4  3  1  7  6  0  0
      1    6  3  1  7  6  2  5
      1    4  3  1  7  5  0  0
      1    6  3  1  7  2  6  5
      1    6  3  1  4  7  6  5
      1    6  3  1  4  7  6  2
      1    6  3  1  4  7  2  5
      1    4  3  1  4  6  0  0
      1    5  3  1  4  6  5  0
      1    6  3  1  4  2  7  5
      1    5  3  1  6  7  2  0
      1    6  3  1  5  4  6  7
      1    4  3  1  2  7  0  0
      1    5  3  1  2  7  6  0
      1    6  3  1  2  7  6  4
      1    4  3  1  2  4  0  0
      1    6  3  1  2  6  7  5
      1    5  3  1  2  5  6  0
      1    3  3  2  7  0  0  0
      1    6  3  2  7  1  5  6
      1    4  3  2  4  5  0  0
      1    5  3  2  6  7  5  0
      1    4  3  2  6  4  0  0
      1    6  3  2  6  5  1  7
      1    5  3  2  6  1  7  0
      1    4  3  2  5  1  0  0
      1    5  3  2  1  7  6  0
      1    6  3  2  1  7  6  4
      1    6  3  2  1  7  6  5
      1    6  3  2  1  7  5  4
      1    6  3  2  1  7  5  6
      1    4  3  2  1  4  0  0
      1    6  3  2  1  4  7  6
      1    5  3  2  1  6  7  0
      1    4  3  2  1  5  0  0
      1    6  5  7  1  2  6  4
      1    3  5  7  2  0  0  0
      1    3  5  4  7  0  0  0
      1    6  5  4  6  7  1  2
      1    3  5  4  3  0  0  0
      1    6  5  4  1  7  6  2
      1    6  5  4  1  2  6  7
      1    6  5  4  2  1  7  3
      1    6  5  6  7  1  4  2
      1    3  5  6  3  0  0  0
      1    6  5  6  1  7  4  2
      1    6  5  3  7  2  1  4
      1    6  5  3  6  1  2  4
      1    6  5  3  2  6  1  7
      1    5  5  1  4  7  6  0
      1    6  5  1  4  2  6  7
      1    6  5  1  6  7  4  2
      1    6  5  1  6  4  7  3
      1    6  5  1  6  2  4  3
      1    6  5  1  3  6  4  7
      1    3  5  2  7  0  0  0
      1    4  5  2  7  4  0  0
      1    4  5  2  7  3  0  0
      1    3  5  2  4  0  0  0
      1    4  5  2  6  4  0  0
      1    3  5  2  1  0  0  0
      1    4  1  7  4  6  0  0
      1    6  1  7  4  6  3  5
      1    6  1  7  4  6  3  2
      1    6  1  7  4  5  6  2
      1    6  1  7  4  5  2  6
      1    6  1  7  4  2  6  5
      1    6  1  7  4  2  5  6
      1    6  1  7  6  3  4  5
      1    6  1  7  3  6  4  2
      1    4  1  7  5  4  0  0
      1    4  1  7  5  6  0  0
      1    6  1  7  2  5  4  6
      1    4  1  4  7  6  0  0
      1    6  1  4  7  6  3  2
      1    4  1  4  7  5  0  0
      1    6  1  4  7  5  6  3
      1    6  1  4  7  5  2  6
      1    4  1  4  7  2  0  0
      1    6  1  4  7  2  5  6
      1    4  1  4  6  7  0  0
      1    6  1  4  6  5  2  3
      1    6  1  4  3  7  5  2
      1    5  1  4  3  5  7  0
      1    6  1  4  3  2  7  6
      1    6  1  4  5  7  2  6
      1    6  1  4  5  7  2  3
      1    6  1  4  5  6  3  2
      1    4  1  4  5  2  0  0
      1    4  1  4  2  7  0  0
      1    5  1  4  2  7  6  0
      1    6  1  4  2  7  6  3
      1    6  1  4  2  3  7  5
      1    6  1  4  2  5  3  6
      1    4  1  6  7  4  0  0
      1    6  1  6  7  5  4  3
      1    5  1  6  7  2  3  0
      1    5  1  6  4  7  5  0
      1    6  1  6  4  7  2  3
      1    5  1  6  3  2  7  0
      1    6  1  6  2  7  4  5
      1    6  1  6  2  7  3  5
      1    6  1  6  2  4  7  5
      1    6  1  6  2  3  7  5
      1    6  1  3  7  4  6  2
      1    6  1  3  7  4  5  6
      1    6  1  3  7  6  4  5
      1    6  1  3  7  5  6  4
      1    5  1  3  7  2  4  0
      1    6  1  3  7  2  5  4
      1    6  1  3  7  2  5  6
      1    4  1  3  4  7  0  0
      1    5  1  3  4  7  6  0
      1    6  1  3  4  7  5  6
      1    5  1  3  4  7  2  0
      1    6  1  3  4  6  7  5
      1    6  1  3  4  5  2  7
      1    6  1  3  4  2  7  6
      1    6  1  3  4  2  7  5
      1    6  1  3  4  2  6  5
      1    6  1  3  6  7  4  5
      1    6  1  3  6  4  7  5
      1    4  1  3  6  2  0  0
      1    6  1  3  6  2  5  7
      1    4  1  3  5  7  0  0
      1    4  1  3  5  4  0  0
      1    6  1  3  5  4  7  2
      1    4  1  3  2  7  0  0
      1    5  1  3  2  7  4  0
      1    6  1  3  2  7  4  6
      1    6  1  3  2  7  6  5
      1    5  1  3  2  4  7  0
      1    4  1  3  2  6  0  0
      1    6  1  3  2  6  7  4
      1    6  1  3  2  5  6  4
      1    6  1  5  7  4  2  3
      1    4  1  5  7  3  0  0
      1    4  1  5  7  2  0  0
      1    6  1  5  7  2  4  3
      1    6  1  5  4  6  7  2
      1    6  1  5  4  6  2  7
      1    6  1  5  4  2  7  6
      1    6  1  5  4  2  3  6
      1    6  1  5  6  7  4  3
      1    4  1  5  6  3  0  0
      1    6  1  5  6  3  7  2
      1    5  1  5  6  3  2  0
      1    6  1  5  3  7  2  4
      1    4  1  5  3  6  0  0
      1    6  1  5  3  2  4  6
      1    4  1  5  2  7  0  0
      1    6  1  5  2  4  7  6
      1    6  1  5  2  4  3  7
      1    5  1  5  2  3  7  0
      1    6  1  2  7  4  5  6
      1    6  1  2  7  6  5  3
      1    4  1  2  7  3  0  0
      1    6  1  2  7  3  4  5
      1    6  1  2  7  3  6  5
      1    6  1  2  7  5  4  6
      1    6  1  2  7  5  3  4
      1    6  1  2  4  7  6  3
      1    6  1  2  4  7  6  5
      1    5  1  2  4  7  3  0
      1    6  1  2  4  7  5  6
      1    5  1  2  4  6  3  0
      1    6  1  2  4  3  7  6
      1    6  1  2  4  3  6  5
      1    5  1  2  4  3  5  0
      1    6  1  2  4  3  5  7
      1    6  1  2  4  5  7  6
      1    6  1  2  4  5  6  7
      1    4  1  2  6  4  0  0
      1    4  1  2  6  3  0  0
      1    6  1  2  3  7  4  6
      1    6  1  2  3  7  5  6
      1    5  1  2  3  4  6  0
      1    4  1  2  3  6  0  0
      1    6  1  2  3  6  4  7
      1    4  1  2  3  5  0  0
      1    6  1  2  5  7  4  6
      1    6  1  2  5  7  6  4
      1    4  1  2  5  4  0  0
      1    5  1  2  5  4  7  0
      1    6  1  2  5  4  7  6
      1    6  1  2  5  4  6  3
      1    4  1  2  5  6  0  0
      1    4  1  2  5  3  0  0
      1    3  2  7  4  0  0  0
      1    3  2  7  3  0  0  0
      1    3  2  7  1  0  0  0
      1    5  2  7  1  4  5  0
      1    6  2  4  6  7  5  3
      1    6  2  4  6  7  5  1
      1    4  2  4  6  3  0  0
      1    6  2  4  3  6  5  7
      1    4  2  4  3  1  0  0
      1    5  2  4  5  7  1  0
      1    4  2  4  5  3  0  0
      1    6  2  4  1  7  3  6
      1    4  2  4  1  3  0  0
      1    6  2  4  1  3  5  6
      1    4  2  6  7  4  0  0
      1    4  2  6  7  1  0  0
      1    4  2  6  4  3  0  0
      1    3  2  6  3  0  0  0
      1    3  2  6  5  0  0  0
      1    6  2  6  1  7  4  3
      1    6  2  6  1  7  3  5
      1    3  2  3  7  0  0  0
      1    6  2  3  7  4  6  1
      1    4  2  3  4  6  0  0
      1    6  2  3  4  1  6  5
      1    4  2  3  1  4  0  0
      1    4  2  3  1  6  0  0
      1    3  2  5  7  0  0  0
      1    5  2  5  7  3  1  0
      1    3  2  5  4  0  0  0
      1    6  2  5  4  3  7  6
      1    6  2  5  3  4  1  7
      1    5  2  5  3  1  7  0
      1    4  2  5  1  7  0  0
      1    4  2  1  7  4  0  0
      1    6  2  1  7  4  3  6
      1    6  2  1  7  5  3  4
      1    6  2  1  4  7  5  3
      1    4  2  1  4  3  0  0
      1    6  2  1  4  3  6  7
      1    4  2  1  4  5  0  0
      1    6  2  1  4  5  7  3
      1    6  2  1  4  5  6  7
      1    4  2  1  6  4  0  0
      1    6  2  1  6  3  7  4
      1    6  2  1  3  7  5  6
      1    4  2  1  3  4  0  0
      1    6  2  1  3  5  4  7
      1    6  2  1  5  7  4  6
      1    4  2  1  5  4  0  0
      1    6  2  1  5  4  6  3
      1    6  2  1  5  4  3  7
      1    6  2  1  5  6  4  3
  0
Hawick_Denh
