Hawick_Herm   Scottish_Borders  2012
'Rating type, # raw ballots, # processed, final # combined: ' -1      2862       622       619
'# candidates to be elected, # reduced, original #: '  3  7  7
'Max # ranked or rated, max # rating levels, undervote penalty: '  6  1  1
'Original candidates, as reordered: '  4  5  7  6  1  3  2
    350    1  1  0  0  0  0  0
    101    1  3  0  0  0  0  0
     97    3  1  2  3  0  0  0
     96    2  1  2  0  0  0  0
     72    2  1  3  0  0  0  0
     72    3  2  1  3  0  0  0
     70    3  1  3  2  0  0  0
     66    3  2  3  1  0  0  0
     66    3  3  2  1  0  0  0
     63    3  3  1  2  0  0  0
     56    1  2  0  0  0  0  0
     55    1  4  0  0  0  0  0
     48    2  3  1  0  0  0  0
     47    2  1  4  0  0  0  0
     43    2  2  3  0  0  0  0
     42    2  3  2  0  0  0  0
     40    2  2  1  0  0  0  0
     34    2  1  5  0  0  0  0
     28    3  1  2  5  0  0  0
     22    2  1  6  0  0  0  0
     22    3  3  1  6  0  0  0
     19    1  6  0  0  0  0  0
     18    3  1  2  4  0  0  0
     18    3  1  3  5  0  0  0
     17    3  1  2  6  0  0  0
     17    3  1  4  5  0  0  0
     17    3  1  4  2  0  0  0
     16    2  1  7  0  0  0  0
     16    2  4  1  0  0  0  0
     15    2  5  1  0  0  0  0
     15    3  1  5  6  0  0  0
     15    3  1  5  2  0  0  0
     15    3  1  3  6  0  0  0
     15    2  3  6  0  0  0  0
     14    3  2  5  1  0  0  0
     13    3  5  1  2  0  0  0
     13    3  1  4  7  0  0  0
     13    3  2  1  5  0  0  0
     12    3  1  3  7  0  0  0
     12    3  4  1  7  0  0  0
     11    1  7  0  0  0  0  0
     11    3  1  4  6  0  0  0
     10    3  1  5  7  0  0  0
     10    3  1  5  4  0  0  0
     10    3  1  5  3  0  0  0
     10    3  1  6  2  0  0  0
     10    3  1  3  4  0  0  0
     10    3  2  1  7  0  0  0
      9    2  2  5  0  0  0  0
      9    2  2  4  0  0  0  0
      8    3  2  5  7  0  0  0
      7    2  5  7  0  0  0  0
      7    2  6  1  0  0  0  0
      7    3  1  7  6  0  0  0
      7    3  1  6  7  0  0  0
      7    3  1  6  4  0  0  0
      7    3  1  2  7  0  0  0
      7    4  1  2  3  6  0  0
      7    3  1  4  3  0  0  0
      7    3  2  5  3  0  0  0
      7    3  2  1  4  0  0  0
      7    3  2  3  6  0  0  0
      7    3  4  1  5  0  0  0
      7    3  3  1  5  0  0  0
      6    3  5  7  6  0  0  0
      6    3  1  7  5  0  0  0
      6    3  1  6  5  0  0  0
      6    3  2  4  3  0  0  0
      6    3  2  3  5  0  0  0
      6    3  4  5  1  0  0  0
      6    2  4  6  0  0  0  0
      6    3  4  1  2  0  0  0
      6    3  4  1  3  0  0  0
      6    3  3  1  4  0  0  0
      5    2  5  6  0  0  0  0
      5    3  5  1  7  0  0  0
      5    3  5  1  6  0  0  0
      5    3  5  1  4  0  0  0
      5    3  5  2  1  0  0  0
      5    3  5  4  6  0  0  0
      5    3  6  7  1  0  0  0
      5    3  6  1  3  0  0  0
      5    2  6  3  0  0  0  0
      5    3  1  7  2  0  0  0
      5    3  1  6  3  0  0  0
      5    4  1  4  5  7  0  0
      5    4  2  1  3  5  0  0
      5    3  4  2  1  0  0  0
      5    3  3  6  7  0  0  0
      5    3  3  6  1  0  0  0
      5    3  3  6  2  0  0  0
      5    3  3  2  5  0  0  0
      5    3  3  2  6  0  0  0
      4    2  5  2  0  0  0  0
      4    3  5  4  1  0  0  0
      4    2  2  7  0  0  0  0
      4    3  2  7  3  0  0  0
      4    3  2  6  7  0  0  0
      4    3  2  6  4  0  0  0
      4    3  2  1  6  0  0  0
      4    3  2  4  1  0  0  0
      4    3  2  3  4  0  0  0
      4    2  4  5  0  0  0  0
      4    3  4  5  7  0  0  0
      4    3  4  5  6  0  0  0
      4    3  4  5  2  0  0  0
      4    2  4  7  0  0  0  0
      4    3  4  6  5  0  0  0
      4    3  4  1  6  0  0  0
      4    3  3  7  1  0  0  0
      4    4  3  6  1  2  0  0
      4    3  3  1  7  0  0  0
      4    4  3  2  6  1  0  0
      3    1  5  0  0  0  0  0
      3    3  5  6  7  0  0  0
      3    3  5  1  3  0  0  0
      3    4  5  1  3  2  0  0
      3    3  5  2  3  0  0  0
      3    3  5  4  2  0  0  0
      3    3  7  6  1  0  0  0
      3    2  7  1  0  0  0  0
      3    4  1  5  7  6  0  0
      3    6  1  5  4  6  7  2
      3    4  1  2  5  6  0  0
      3    4  1  2  3  5  0  0
      3    6  1  2  3  5  6  7
      3    4  1  4  6  7  0  0
      3    4  1  3  2  6  0  0
      3    3  2  6  1  0  0  0
      3    3  2  6  3  0  0  0
      3    6  2  1  3  4  6  7
      3    4  2  3  1  5  0  0
      3    3  4  7  5  0  0  0
      3    3  4  7  6  0  0  0
      3    3  4  7  2  0  0  0
      3    4  4  1  5  7  0  0
      3    6  4  1  7  6  2  5
      3    3  3  5  2  0  0  0
      3    3  3  2  7  0  0  0
      3    4  3  2  6  7  0  0
      2    3  5  7  1  0  0  0
      2    3  5  7  2  0  0  0
      2    3  5  7  4  0  0  0
      2    3  5  6  1  0  0  0
      2    3  5  6  2  0  0  0
      2    6  5  1  6  2  4  7
      2    3  5  2  4  0  0  0
      2    6  5  4  6  7  1  2
      2    6  7  5  2  6  1  4
      2    2  7  2  0  0  0  0
      2    3  6  5  3  0  0  0
      2    2  6  7  0  0  0  0
      2    3  6  1  5  0  0  0
      2    3  6  1  4  0  0  0
      2    2  6  2  0  0  0  0
      2    3  6  4  3  0  0  0
      2    3  6  3  7  0  0  0
      2    3  6  3  2  0  0  0
      2    6  1  5  7  6  2  4
      2    4  1  5  2  6  0  0
      2    4  1  5  2  3  0  0
      2    5  1  6  7  3  2  0
      2    5  1  2  6  5  7  0
      2    4  1  2  6  7  0  0
      2    4  1  2  6  3  0  0
      2    6  1  2  4  5  7  6
      2    6  1  2  4  3  6  7
      2    5  1  2  3  5  7  0
      2    6  1  2  3  5  7  6
      2    6  1  2  3  5  4  6
      2    4  1  2  3  7  0  0
      2    6  1  2  3  6  5  7
      2    6  1  2  3  6  7  4
      2    6  1  2  3  4  6  5
      2    5  1  4  5  6  7  0
      2    4  1  3  2  5  0  0
      2    6  1  3  2  5  7  6
      2    4  1  3  2  7  0  0
      2    5  1  3  2  6  5  0
      2    6  1  3  2  4  6  7
      2    4  1  3  4  2  0  0
      2    4  2  5  1  3  0  0
      2    2  2  6  0  0  0  0
      2    4  2  1  5  7  0  0
      2    4  2  1  6  3  0  0
      2    4  2  1  4  3  0  0
      2    3  2  4  5  0  0  0
      2    3  2  4  7  0  0  0
      2    3  2  4  6  0  0  0
      2    4  2  3  5  1  0  0
      2    4  2  3  6  5  0  0
      2    6  2  3  1  5  4  6
      2    4  2  3  1  6  0  0
      2    4  2  3  4  1  0  0
      2    6  4  5  7  6  1  2
      2    6  4  5  7  6  2  1
      2    3  4  7  1  0  0  0
      2    4  4  7  1  6  0  0
      2    3  4  6  1  0  0  0
      2    3  4  6  3  0  0  0
      2    6  4  1  5  7  6  2
      2    4  4  1  6  7  0  0
      2    6  4  1  6  7  5  3
      2    2  4  2  0  0  0  0
      2    3  4  2  5  0  0  0
      2    3  4  2  7  0  0  0
      2    3  4  2  6  0  0  0
      2    3  4  3  1  0  0  0
      2    3  4  3  2  0  0  0
      2    3  3  5  1  0  0  0
      2    3  3  7  6  0  0  0
      2    3  3  7  2  0  0  0
      2    4  3  1  5  2  0  0
      2    6  3  1  6  5  7  4
      2    4  3  1  6  7  0  0
      2    4  3  1  2  5  0  0
      2    6  3  1  2  6  7  4
      2    6  3  2  5  7  6  1
      2    5  3  2  5  7  1  0
      2    4  3  2  7  6  0  0
      2    6  3  2  7  1  6  5
      2    4  3  2  1  5  0  0
      2    4  3  2  1  7  0  0
      2    6  3  2  1  4  5  7
      2    3  3  2  4  0  0  0
      2    2  3  4  0  0  0  0
      2    4  3  4  1  2  0  0
      2    3  3  4  2  0  0  0
      1    4  5  7  6  1  0  0
      1    6  5  7  6  1  2  4
      1    5  5  7  6  2  3  0
      1    4  5  7  1  6  0  0
      1    4  5  7  2  1  0  0
      1    4  5  7  2  4  0  0
      1    4  5  6  2  4  0  0
      1    6  5  6  2  4  7  1
      1    4  5  6  4  1  0  0
      1    6  5  1  7  6  2  4
      1    6  5  1  7  4  6  2
      1    4  5  1  6  2  0  0
      1    6  5  1  2  7  6  3
      1    6  5  1  2  4  3  7
      1    4  5  1  2  3  0  0
      1    6  5  1  2  3  7  6
      1    6  5  1  2  3  6  4
      1    5  5  1  2  3  4  0
      1    6  5  1  2  3  4  7
      1    6  5  1  4  7  6  3
      1    6  5  1  4  6  7  3
      1    6  5  1  3  2  4  6
      1    4  5  2  7  6  0  0
      1    5  5  2  1  7  6  0
      1    6  5  2  1  7  6  4
      1    5  5  2  1  6  7  0
      1    6  5  2  1  6  7  4
      1    4  5  2  1  4  0  0
      1    6  5  2  1  4  6  7
      1    6  5  2  4  3  7  6
      1    6  5  2  3  6  7  1
      1    6  5  2  3  1  6  4
      1    4  5  2  3  4  0  0
      1    2  5  4  0  0  0  0
      1    3  5  4  7  0  0  0
      1    4  5  4  7  1  0  0
      1    6  5  4  1  7  6  2
      1    4  5  4  2  1  0  0
      1    6  5  4  2  1  3  7
      1    6  5  4  3  6  7  2
      1    3  5  3  2  0  0  0
      1    3  5  3  4  0  0  0
      1    2  7  5  0  0  0  0
      1    3  7  5  6  0  0  0
      1    6  7  5  6  1  2  3
      1    3  7  5  2  0  0  0
      1    6  7  5  2  4  1  3
      1    6  7  5  4  3  6  2
      1    2  7  6  0  0  0  0
      1    3  7  1  6  0  0  0
      1    4  7  1  6  4  0  0
      1    6  7  1  2  5  6  3
      1    4  7  1  4  2  0  0
      1    5  7  2  5  6  4  0
      1    3  7  2  6  0  0  0
      1    4  7  2  4  1  0  0
      1    5  7  2  4  3  5  0
      1    3  7  2  3  0  0  0
      1    2  7  4  0  0  0  0
      1    6  7  4  5  2  1  6
      1    6  7  4  6  5  2  1
      1    3  7  4  1  0  0  0
      1    4  7  4  1  5  0  0
      1    5  7  4  1  5  6  0
      1    5  7  4  2  1  5  0
      1    3  7  3  2  0  0  0
      1    6  7  3  2  6  1  4
      1    3  6  5  1  0  0  0
      1    6  6  5  1  2  4  3
      1    3  6  7  5  0  0  0
      1    6  6  7  1  2  5  4
      1    6  6  7  1  2  5  3
      1    3  6  7  4  0  0  0
      1    6  6  7  4  5  1  2
      1    3  6  1  7  0  0  0
      1    5  6  1  7  2  3  0
      1    3  6  1  2  0  0  0
      1    6  6  1  2  4  3  7
      1    6  6  1  2  3  7  4
      1    4  6  1  3  2  0  0
      1    6  6  1  3  2  7  5
      1    6  6  1  3  4  2  7
      1    3  6  2  5  0  0  0
      1    3  6  2  7  0  0  0
      1    3  6  2  1  0  0  0
      1    3  6  2  4  0  0  0
      1    6  6  2  3  4  7  1
      1    4  6  4  5  1  0  0
      1    6  6  4  7  3  2  5
      1    4  6  4  3  2  0  0
      1    6  6  3  2  5  4  7
      1    4  6  3  2  1  0  0
      1    5  1  5  7  6  2  0
      1    6  1  5  7  2  4  3
      1    6  1  5  7  4  2  3
      1    6  1  5  7  4  3  2
      1    6  1  5  6  4  7  2
      1    5  1  5  2  7  6  0
      1    6  1  5  2  7  4  3
      1    4  1  5  2  4  0  0
      1    6  1  5  2  4  3  6
      1    6  1  5  2  3  7  6
      1    6  1  5  2  3  6  4
      1    6  1  5  4  7  6  2
      1    6  1  5  4  6  7  3
      1    6  1  5  4  6  2  3
      1    5  1  5  4  6  3  0
      1    6  1  5  4  2  6  7
      1    6  1  5  4  3  7  2
      1    6  1  5  4  3  6  7
      1    6  1  5  4  3  2  6
      1    6  1  5  3  7  6  4
      1    4  1  7  5  6  0  0
      1    4  1  7  5  4  0  0
      1    6  1  7  6  3  4  2
      1    6  1  7  2  5  6  4
      1    4  1  7  2  6  0  0
      1    6  1  7  2  4  3  6
      1    3  1  7  4  0  0  0
      1    6  1  7  4  2  3  6
      1    5  1  7  4  3  6  0
      1    5  1  7  3  2  4  0
      1    6  1  6  5  7  2  3
      1    5  1  6  5  2  7  0
      1    4  1  6  5  4  0  0
      1    6  1  6  5  4  7  2
      1    6  1  6  5  3  4  7
      1    6  1  6  7  4  5  2
      1    6  1  6  2  4  5  7
      1    6  1  6  2  4  7  5
      1    6  1  6  2  4  3  5
      1    6  1  6  4  5  7  2
      1    4  1  6  4  7  0  0
      1    4  1  6  3  5  0  0
      1    6  1  6  3  7  2  5
      1    6  1  6  3  7  4  2
      1    4  1  6  3  2  0  0
      1    4  1  6  3  4  0  0
      1    6  1  2  5  6  4  7
      1    6  1  2  5  6  3  7
      1    4  1  2  5  4  0  0
      1    4  1  2  5  3  0  0
      1    5  1  2  5  3  7  0
      1    6  1  2  5  3  7  4
      1    6  1  2  5  3  6  7
      1    6  1  2  5  3  4  7
      1    4  1  2  7  5  0  0
      1    6  1  2  7  5  3  6
      1    5  1  2  7  6  5  0
      1    4  1  2  7  4  0  0
      1    6  1  2  7  4  3  6
      1    4  1  2  7  3  0  0
      1    6  1  2  7  3  5  4
      1    6  1  2  7  3  6  5
      1    6  1  2  7  3  4  6
      1    4  1  2  6  5  0  0
      1    6  1  2  6  7  4  5
      1    6  1  2  6  4  3  7
      1    6  1  2  6  3  7  5
      1    4  1  2  4  5  0  0
      1    6  1  2  4  5  7  3
      1    6  1  2  4  7  6  5
      1    4  1  2  4  6  0  0
      1    6  1  2  4  6  7  5
      1    4  1  2  4  3  0  0
      1    6  1  2  4  3  6  5
      1    6  1  2  3  5  7  4
      1    6  1  2  3  5  6  4
      1    6  1  2  3  7  6  5
      1    6  1  2  3  7  4  5
      1    5  1  2  3  6  5  0
      1    6  1  2  3  6  5  4
      1    6  1  2  3  6  7  5
      1    4  1  2  3  4  0  0
      1    5  1  2  3  4  7  0
      1    6  1  2  3  4  7  5
      1    6  1  4  5  7  6  2
      1    6  1  4  5  7  6  3
      1    6  1  4  5  7  3  2
      1    6  1  4  5  6  7  2
      1    6  1  4  5  6  2  3
      1    4  1  4  5  3  0  0
      1    6  1  4  7  6  5  2
      1    4  1  4  6  5  0  0
      1    6  1  4  6  7  2  5
      1    4  1  4  2  6  0  0
      1    6  1  4  2  6  7  5
      1    4  1  4  2  3  0  0
      1    6  1  4  2  3  5  6
      1    6  1  4  2  3  6  7
      1    4  1  4  3  6  0  0
      1    6  1  4  3  2  5  7
      1    6  1  3  5  2  7  6
      1    6  1  3  5  2  4  7
      1    6  1  3  7  6  5  2
      1    4  1  3  7  2  0  0
      1    6  1  3  7  2  4  6
      1    4  1  3  6  5  0  0
      1    6  1  3  6  7  2  5
      1    6  1  3  2  5  7  4
      1    6  1  3  2  5  6  4
      1    6  1  3  2  5  4  7
      1    6  1  3  2  7  6  4
      1    6  1  3  2  6  5  7
      1    5  1  3  2  6  4  0
      1    6  1  3  4  7  6  5
      1    5  1  3  4  2  6  0
      1    6  1  3  4  2  6  7
      1    4  2  5  7  1  0  0
      1    5  2  5  7  1  3  0
      1    6  2  5  7  4  1  6
      1    3  2  5  6  0  0  0
      1    4  2  5  6  4  0  0
      1    6  2  5  6  4  1  7
      1    6  2  5  1  7  6  4
      1    5  2  5  1  6  3  0
      1    6  2  5  4  7  6  1
      1    6  2  5  4  6  7  1
      1    6  2  5  3  7  6  1
      1    4  2  5  3  1  0  0
      1    6  2  5  3  4  1  7
      1    3  2  7  5  0  0  0
      1    6  2  7  5  6  1  3
      1    6  2  7  6  4  3  1
      1    6  2  7  1  3  4  6
      1    3  2  7  4  0  0  0
      1    6  2  7  4  1  5  6
      1    4  2  7  3  5  0  0
      1    5  2  7  3  4  1  0
      1    3  2  6  5  0  0  0
      1    4  2  6  7  1  0  0
      1    6  2  6  1  3  7  5
      1    4  2  6  4  3  0  0
      1    4  2  6  3  1  0  0
      1    6  2  1  5  7  6  3
      1    4  2  1  5  4  0  0
      1    5  2  1  5  4  7  0
      1    4  2  1  5  3  0  0
      1    5  2  1  5  3  7  0
      1    6  2  1  7  5  6  3
      1    6  2  1  7  6  3  5
      1    4  2  1  7  3  0  0
      1    4  2  1  6  7  0  0
      1    5  2  1  6  3  5  0
      1    6  2  1  6  3  7  5
      1    6  2  1  4  5  7  3
      1    6  2  1  4  7  5  6
      1    6  2  1  4  7  6  3
      1    5  2  1  4  6  7  0
      1    6  2  1  4  6  7  5
      1    6  2  1  4  3  5  6
      1    6  2  1  4  3  7  5
      1    6  2  1  3  5  7  4
      1    6  2  1  3  5  4  7
      1    5  2  1  3  7  5  0
      1    6  2  1  3  7  5  6
      1    4  2  1  3  6  0  0
      1    6  2  1  3  6  7  5
      1    5  2  1  3  6  4  0
      1    4  2  1  3  4  0  0
      1    6  2  1  3  4  5  7
      1    5  2  4  5  6  7  0
      1    6  2  4  7  6  1  5
      1    5  2  4  7  1  5  0
      1    6  2  4  6  5  3  7
      1    6  2  4  1  3  6  7
      1    6  2  4  3  5  7  6
      1    4  2  3  5  7  0  0
      1    4  2  3  5  6  0  0
      1    6  2  3  5  1  7  6
      1    5  2  3  5  1  6  0
      1    3  2  3  7  0  0  0
      1    5  2  3  7  5  1  0
      1    4  2  3  7  6  0  0
      1    4  2  3  7  1  0  0
      1    6  2  3  7  4  6  5
      1    6  2  3  6  7  5  1
      1    6  2  3  6  7  5  4
      1    6  2  3  6  1  4  5
      1    6  2  3  1  5  6  4
      1    6  2  3  1  5  4  7
      1    4  2  3  1  7  0  0
      1    6  2  3  1  6  4  5
      1    4  2  3  1  4  0  0
      1    6  2  3  1  4  5  7
      1    6  2  3  4  5  7  6
      1    4  2  3  4  6  0  0
      1    6  2  3  4  1  5  7
      1    6  2  3  4  1  7  5
      1    6  4  5  7  1  6  3
      1    6  4  5  7  1  2  6
      1    6  4  5  6  1  7  2
      1    5  4  5  1  7  6  0
      1    6  4  5  1  7  6  2
      1    6  4  5  1  6  7  3
      1    4  4  5  1  2  0  0
      1    6  4  5  2  7  6  3
      1    4  4  5  2  1  0  0
      1    3  4  5  3  0  0  0
      1    5  4  7  5  1  6  0
      1    4  4  7  6  1  0  0
      1    5  4  7  6  1  5  0
      1    4  4  7  1  3  0  0
      1    4  4  6  5  7  0  0
      1    3  4  6  7  0  0  0
      1    6  4  6  1  7  5  2
      1    3  4  6  2  0  0  0
      1    6  4  1  5  7  3  6
      1    4  4  1  5  2  0  0
      1    5  4  1  7  5  6  0
      1    5  4  1  7  5  3  0
      1    4  4  1  7  6  0  0
      1    6  4  1  7  6  5  2
      1    6  4  1  2  5  6  7
      1    6  4  1  3  7  6  5
      1    6  4  2  5  7  3  6
      1    6  4  2  7  6  3  5
      1    5  4  2  1  7  6  0
      1    6  4  2  1  7  6  5
      1    6  4  2  1  6  5  3
      1    6  4  2  1  6  7  5
      1    6  4  2  1  6  7  3
      1    4  4  2  1  3  0  0
      1    3  4  2  3  0  0  0
      1    6  4  2  3  5  1  6
      1    4  4  2  3  6  0  0
      1    6  4  2  3  6  7  1
      1    4  4  2  3  1  0  0
      1    6  4  2  3  1  5  7
      1    2  4  3  0  0  0  0
      1    6  4  3  5  2  7  6
      1    3  4  3  6  0  0  0
      1    4  4  3  6  2  0  0
      1    5  4  3  1  6  7  0
      1    6  4  3  1  2  5  7
      1    4  4  3  2  6  0  0
      1    3  3  5  6  0  0  0
      1    6  3  5  6  4  2  7
      1    4  3  5  2  1  0  0
      1    6  3  5  2  1  4  6
      1    6  3  5  4  2  7  1
      1    6  3  5  4  2  1  6
      1    3  3  7  5  0  0  0
      1    6  3  7  6  2  5  1
      1    4  3  6  7  5  0  0
      1    6  3  6  7  5  1  4
      1    6  3  6  7  1  2  5
      1    6  3  6  7  2  1  5
      1    6  3  6  1  5  7  2
      1    6  3  6  1  5  2  7
      1    6  3  6  2  5  7  1
      1    4  3  6  2  1  0  0
      1    6  3  6  2  1  4  7
      1    3  3  6  4  0  0  0
      1    4  3  6  4  1  0  0
      1    6  3  1  5  2  6  7
      1    5  3  1  5  4  2  0
      1    4  3  1  7  6  0  0
      1    5  3  1  7  6  4  0
      1    4  3  1  7  2  0  0
      1    6  3  1  6  7  2  5
      1    6  3  1  2  5  7  4
      1    4  3  1  2  6  0  0
      1    6  3  1  2  6  7  5
      1    4  3  1  2  4  0  0
      1    5  3  1  4  5  2  0
      1    4  3  1  4  2  0  0
      1    6  3  1  4  2  5  6
      1    6  3  2  5  1  4  7
      1    6  3  2  7  6  1  5
      1    6  3  2  6  7  5  1
      1    6  3  2  6  1  7  4
      1    6  3  2  6  1  4  7
      1    6  3  2  6  4  7  1
      1    6  3  2  1  7  6  5
      1    6  3  2  1  7  6  4
      1    6  3  2  1  7  4  6
      1    4  3  2  1  6  0  0
      1    6  3  2  1  4  7  6
      1    6  3  2  1  4  6  5
      1    6  3  2  4  7  6  5
      1    6  3  2  4  1  7  5
      1    3  3  4  5  0  0  0
      1    4  3  4  7  1  0  0
      1    3  3  4  6  0  0  0
      1    3  3  4  1  0  0  0
      1    6  3  4  1  6  2  7
      1    6  3  4  2  7  6  1
      1    4  3  4  2  6  0  0
      1    4  3  4  2  1  0  0
      1    5  3  4  2  1  7  0
  0
Hawick_Herm
