Leaderdale   Scottish_Borders  2012
'Rating type, # raw ballots, # processed, final # combined: '  1      3539       543       514
'# candidates to be elected, # reduced, original #: '  3  6  6
'Max # ranked or rated, max # rating levels, undervote penalty: '  6  6  1
'Original candidates, as reordered: '  3  6  4  5  2  1

'           Rating data: '
'Max # pos & neg ratings: '  4  2
'Rating point values: '  10.00   6.43   3.57   1.43  -4.00 -10.00
    282    2  1  6  0  0  0  0  1  1  6  0  0  0  0
    168    2  4  6  0  0  0  0  1  1  6  0  0  0  0
    138    2  2  6  0  0  0  0  1  1  6  0  0  0  0
    102    2  2  1  0  0  0  0  1  1  6  0  0  0  0
     91    2  1  4  0  0  0  0  1  1  6  0  0  0  0
     85    2  5  6  0  0  0  0  1  1  6  0  0  0  0
     83    2  5  2  0  0  0  0  1  1  6  0  0  0  0
     76    2  1  3  0  0  0  0  1  1  6  0  0  0  0
     69    2  3  6  0  0  0  0  1  1  6  0  0  0  0
     67    3  3  1  2  0  0  0  2  2  3  6  0  0  0
     66    3  1  2  3  0  0  0  2  3  3  6  0  0  0
     53    2  3  2  0  0  0  0  1  2  5  0  0  0  0
     47    2  3  1  0  0  0  0  1  1  6  0  0  0  0
     46    2  1  5  0  0  0  0  1  1  6  0  0  0  0
     45    2  4  1  0  0  0  0  1  1  6  0  0  0  0
     43    3  1  4  2  0  0  0  2  2  3  6  0  0  0
     42    3  3  1  5  0  0  0  2  1  4  6  0  0  0
     39    3  5  1  2  0  0  0  2  1  4  6  0  0  0
     37    3  2  3  5  0  0  0  2  1  4  6  0  0  0
     36    3  4  6  1  0  0  0  2  1  4  6  0  0  0
     36    2  5  1  0  0  0  0  1  1  6  0  0  0  0
     36    3  1  2  5  0  0  0  2  1  4  6  0  0  0
     36    3  2  5  1  0  0  0  2  1  4  6  0  0  0
     34    2  2  4  0  0  0  0  1  1  6  0  0  0  0
     33    3  1  3  5  0  0  0  2  1  4  6  0  0  0
     33    3  1  5  2  0  0  0  2  3  3  6  0  0  0
     33    3  1  2  4  0  0  0  2  1  4  6  0  0  0
     33    3  4  1  2  0  0  0  2  2  3  6  0  0  0
     32    3  2  3  1  0  0  0  2  1  4  6  0  0  0
     30    3  1  3  4  0  0  0  2  1  4  6  0  0  0
     29    3  4  1  6  0  0  0  2  1  4  6  0  0  0
     28    3  5  3  2  0  0  0  2  1  4  6  0  0  0
     26    3  1  4  3  0  0  0  2  1  4  6  0  0  0
     26    3  2  1  3  0  0  0  2  1  4  6  0  0  0
     25    3  6  4  2  0  0  0  2  1  4  6  0  0  0
     24    3  5  2  1  0  0  0  2  1  4  6  0  0  0
     24    3  1  6  4  0  0  0  2  1  4  6  0  0  0
     24    3  2  1  5  0  0  0  2  1  4  6  0  0  0
     23    3  3  1  5  0  0  0  2  2  3  6  0  0  0
     22    3  3  2  1  0  0  0  2  2  3  6  0  0  0
     22    3  4  1  2  0  0  0  2  1  4  6  0  0  0
     21    3  1  3  6  0  0  0  2  2  3  6  0  0  0
     21    2  2  4  0  0  0  0  1  2  5  0  0  0  0
     19    2  3  5  0  0  0  0  1  1  6  0  0  0  0
     18    3  2  1  6  0  0  0  2  1  4  6  0  0  0
     18    3  3  1  4  0  0  0  2  1  4  6  0  0  0
     17    3  5  1  3  0  0  0  2  1  4  6  0  0  0
     16    3  3  6  2  0  0  0  2  1  4  6  0  0  0
     16    3  3  6  1  0  0  0  2  1  4  6  0  0  0
     16    3  4  3  6  0  0  0  2  1  4  6  0  0  0
     16    3  2  3  4  0  0  0  2  1  4  6  0  0  0
     15    3  3  2  1  0  0  0  2  1  4  6  0  0  0
     15    3  4  2  3  0  0  0  2  1  4  6  0  0  0
     14    2  1  6  0  0  0  0  1  2  5  0  0  0  0
     14    3  2  5  3  0  0  0  2  2  3  6  0  0  0
     14    4  1  2  5  3  0  0  2  1  1  6  6  0  0
     14    3  2  4  1  0  0  0  2  1  4  6  0  0  0
     13    3  1  6  3  0  0  0  2  1  4  6  0  0  0
     13    3  3  5  1  0  0  0  2  1  4  6  0  0  0
     13    2  4  3  0  0  0  0  1  1  6  0  0  0  0
     12    2  6  4  0  0  0  0  1  1  6  0  0  0  0
     12    3  5  3  6  0  0  0  2  1  4  6  0  0  0
     12    4  1  2  3  5  0  0  2  1  3  5  6  0  0
     12    2  3  4  0  0  0  0  1  1  6  0  0  0  0
     12    3  4  1  3  0  0  0  2  2  3  6  0  0  0
     12    3  4  3  1  0  0  0  2  1  4  6  0  0  0
     11    3  6  2  3  0  0  0  2  1  4  6  0  0  0
     11    3  1  6  2  0  0  0  2  1  4  6  0  0  0
     11    2  3  6  0  0  0  0  1  2  5  0  0  0  0
     11    3  4  5  3  0  0  0  2  1  4  6  0  0  0
     10    2  6  3  0  0  0  0  1  2  5  0  0  0  0
     10    3  3  6  4  0  0  0  2  1  4  6  0  0  0
     10    3  5  2  3  0  0  0  2  1  4  6  0  0  0
     10    4  2  5  3  1  0  0  2  2  2  5  6  0  0
      9    3  6  3  4  0  0  0  2  1  4  6  0  0  0
      9    3  3  4  1  0  0  0  2  2  3  6  0  0  0
      9    3  4  3  2  0  0  0  2  1  4  6  0  0  0
      9    3  4  6  2  0  0  0  2  1  4  6  0  0  0
      9    3  3  2  6  0  0  0  2  1  4  6  0  0  0
      8    3  1  5  4  0  0  0  2  2  3  6  0  0  0
      8    6  5  2  1  3  6  4  4  1  3  3  3  6  6
      8    3  4  6  3  0  0  0  2  1  4  6  0  0  0
      8    3  4  2  5  0  0  0  2  1  4  6  0  0  0
      8    4  2  3  5  1  0  0  2  1  3  5  6  0  0
      8    3  2  3  4  0  0  0  2  2  4  6  0  0  0
      7    4  5  1  2  3  0  0  2  1  1  6  6  0  0
      7    3  5  3  4  0  0  0  2  1  4  6  0  0  0
      7    3  5  4  2  0  0  0  2  1  4  6  0  0  0
      7    3  3  2  5  0  0  0  2  2  4  6  0  0  0
      7    3  4  5  2  0  0  0  2  2  3  6  0  0  0
      7    3  2  1  4  0  0  0  2  1  4  6  0  0  0
      6    3  6  1  4  0  0  0  2  1  4  6  0  0  0
      6    3  1  2  6  0  0  0  2  2  3  6  0  0  0
      6    3  6  1  3  0  0  0  2  1  4  6  0  0  0
      6    3  4  1  5  0  0  0  2  2  3  6  0  0  0
      6    3  4  6  5  0  0  0  2  1  4  6  0  0  0
      6    3  4  6  2  0  0  0  2  4  4  5  0  0  0
      5    2  6  1  0  0  0  0  1  1  6  0  0  0  0
      5    3  1  6  3  0  0  0  2  2  3  6  0  0  0
      5    6  6  2  4  1  3  5  4  1  2  3  4  6  6
      5    3  6  2  4  0  0  0  2  1  4  6  0  0  0
      5    3  1  6  5  0  0  0  2  1  4  6  0  0  0
      5    4  1  5  2  3  0  0  2  1  1  6  6  0  0
      5    6  1  3  2  6  4  5  4  1  1  3  4  6  6
      5    6  4  1  2  3  6  5  4  1  1  3  4  6  6
      5    4  1  2  3  4  0  0  2  1  1  6  6  0  0
      5    3  3  2  4  0  0  0  2  1  4  6  0  0  0
      5    6  4  6  2  1  3  5  4  1  2  4  4  6  6
      5    3  3  4  2  0  0  0  2  1  4  6  0  0  0
      5    4  5  2  1  3  0  0  2  1  3  5  6  0  0
      5    6  2  5  1  6  3  4  4  1  3  3  3  6  6
      5    4  1  2  5  3  0  0  2  1  3  5  6  0  0
      5    6  2  1  4  3  5  6  4  1  3  3  4  6  6
      4    3  6  3  2  0  0  0  2  1  4  6  0  0  0
      4    3  6  2  1  0  0  0  2  3  4  5  0  0  0
      4    3  5  3  6  0  0  0  2  2  3  6  0  0  0
      4    3  5  4  1  0  0  0  2  1  4  6  0  0  0
      4    3  5  4  3  0  0  0  2  2  3  6  0  0  0
      4    6  5  2  3  1  6  4  4  1  2  3  4  6  6
      4    3  2  5  4  0  0  0  2  1  4  6  0  0  0
      4    4  1  6  4  3  0  0  2  1  1  6  6  0  0
      4    6  1  2  6  4  3  5  4  1  2  4  4  6  6
      4    4  1  5  3  2  0  0  2  1  1  5  6  0  0
      4    6  5  3  1  2  4  6  4  2  2  4  4  5  6
      4    6  1  3  4  2  5  6  4  1  1  4  4  6  6
      4    4  1  3  2  4  0  0  3  3  3  3  6  0  0
      4    6  1  4  3  6  2  5  4  2  3  4  4  5  6
      4    6  1  2  3  4  6  5  4  1  1  3  4  6  6
      4    3  6  3  1  0  0  0  2  1  4  6  0  0  0
      4    6  2  3  1  5  6  4  4  1  2  2  4  6  6
      4    2  4  5  0  0  0  0  1  1  6  0  0  0  0
      4    6  4  2  1  3  6  5  4  1  2  3  4  6  6
      4    6  2  4  3  1  5  6  4  1  3  3  4  6  6
      3    3  5  6  1  0  0  0  2  2  3  6  0  0  0
      3    6  6  1  2  3  4  5  4  1  2  3  4  6  6
      3    6  5  1  2  3  6  4  4  2  2  4  4  5  6
      3    6  3  5  1  2  4  6  4  1  2  3  4  6  6
      3    6  5  1  3  2  6  4  4  1  2  3  4  6  6
      3    4  3  5  1  2  0  0  3  2  3  4  6  0  0
      3    6  1  3  4  6  2  5  4  2  2  3  4  6  6
      3    6  1  6  4  2  5  3  4  2  2  3  4  6  6
      3    6  1  5  4  6  3  2  4  1  2  3  4  6  6
      3    6  1  5  2  6  3  4  4  1  1  3  4  6  6
      3    3  1  5  4  0  0  0  2  1  4  6  0  0  0
      3    6  1  4  3  6  2  5  4  1  2  3  4  6  6
      3    4  1  3  6  2  0  0  2  1  1  6  6  0  0
      3    4  1  3  5  2  0  0  2  1  3  5  6  0  0
      3    4  3  4  1  6  0  0  2  1  1  6  6  0  0
      3    6  1  3  6  4  5  2  4  1  2  4  4  6  6
      3    6  3  1  2  5  6  4  4  1  1  3  4  6  6
      3    4  1  4  6  2  0  0  3  2  3  4  6  0  0
      3    6  1  4  5  3  6  2  4  1  2  4  4  6  6
      3    6  1  4  3  2  6  5  4  1  2  3  4  6  6
      3    6  1  2  5  4  3  6  4  1  3  3  4  6  6
      3    6  1  4  2  6  3  5  4  1  1  3  4  6  6
      3    6  1  5  2  3  6  4  4  1  1  2  4  6  6
      3    6  1  2  3  5  6  4  4  1  1  4  4  6  6
      3    6  1  3  5  2  4  6  4  1  2  4  4  6  6
      3    4  1  2  4  3  0  0  2  1  1  6  6  0  0
      3    3  3  5  4  0  0  0  2  1  4  6  0  0  0
      3    6  3  1  6  2  4  5  4  1  1  4  4  6  6
      3    6  4  5  6  3  2  1  4  1  1  2  4  6  6
      3    3  4  5  1  0  0  0  2  1  4  6  0  0  0
      3    6  4  1  3  2  6  5  4  1  1  2  4  6  6
      3    6  4  2  6  3  1  5  4  1  2  4  4  6  6
      3    6  4  2  3  5  6  1  4  1  2  3  4  6  6
      3    4  2  5  1  3  0  0  3  3  3  3  6  0  0
      3    6  2  1  3  5  6  4  4  1  1  2  4  6  6
      3    6  2  3  1  6  5  4  4  1  2  3  4  6  6
      2    2  6  5  0  0  0  0  1  1  6  0  0  0  0
      2    4  6  4  1  3  0  0  2  1  2  5  6  0  0
      2    6  6  1  4  2  3  5  4  1  2  3  4  6  6
      2    6  6  1  2  3  4  5  4  1  2  4  4  6  6
      2    3  6  4  5  0  0  0  2  1  4  6  0  0  0
      2    6  6  4  3  5  2  1  4  1  2  2  4  6  6
      2    4  4  6  3  1  0  0  3  2  3  4  6  0  0
      2    6  6  4  2  3  1  5  4  1  3  3  3  6  6
      2    6  6  2  1  3  4  5  4  1  1  3  4  6  6
      2    2  5  6  0  0  0  0  1  2  5  0  0  0  0
      2    3  5  1  6  0  0  0  2  1  4  6  0  0  0
      2    6  1  5  3  2  4  6  4  1  1  3  4  6  6
      2    4  5  3  1  2  0  0  2  2  2  5  6  0  0
      2    6  5  1  3  2  6  4  4  1  1  4  4  6  6
      2    6  5  1  3  2  4  6  4  1  3  3  4  6  6
      2    4  5  3  4  2  0  0  2  1  4  5  6  0  0
      2    6  5  3  2  1  6  4  4  1  1  2  4  6  6
      2    6  5  4  2  3  1  6  4  1  1  2  4  6  6
      2    6  5  4  2  1  3  6  4  1  2  3  4  6  6
      2    4  5  2  1  3  0  0  2  1  1  6  6  0  0
      2    6  5  2  1  3  4  6  4  1  1  4  4  6  6
      2    4  5  2  6  3  0  0  2  1  2  5  6  0  0
      2    6  1  6  4  3  2  5  4  1  3  3  3  6  6
      2    6  1  6  2  3  5  4  4  1  1  2  4  6  6
      2    6  1  6  2  3  4  5  4  1  1  3  4  6  6
      2    4  1  5  3  6  0  0  2  1  2  5  6  0  0
      2    6  1  5  3  6  2  4  4  2  3  3  3  6  6
      2    6  1  5  3  4  6  2  4  1  2  3  4  6  6
      2    6  1  5  3  2  6  4  4  2  3  3  4  5  6
      2    6  1  3  6  5  4  2  4  2  2  4  4  5  6
      2    6  1  6  5  3  2  4  4  2  2  2  4  6  6
      2    4  1  3  6  4  0  0  2  1  3  5  6  0  0
      2    6  1  3  5  2  6  4  4  1  3  3  3  6  6
      2    6  1  3  5  2  6  4  4  1  2  3  4  6  6
      2    6  3  1  5  4  6  2  4  1  3  3  4  6  6
      2    6  3  1  4  2  6  5  4  1  2  3  4  6  6
      2    4  1  3  2  6  0  0  2  1  2  5  6  0  0
      2    6  1  3  2  4  5  6  4  1  1  3  4  6  6
      2    6  1  2  3  6  4  5  4  1  2  3  4  6  6
      2    6  1  4  6  5  3  2  4  1  2  4  4  6  6
      2    6  4  6  1  2  5  3  4  1  2  3  4  6  6
      2    4  1  4  3  6  0  0  2  2  2  5  6  0  0
      2    6  1  2  6  3  4  5  4  1  2  4  4  6  6
      2    6  1  2  3  5  4  6  4  1  1  3  4  6  6
      2    6  1  2  3  4  6  5  4  1  1  2  4  6  6
      2    5  1  2  3  4  6  0  3  2  3  4  5  6  0
      2    6  1  2  4  5  3  6  4  1  1  2  4  6  6
      2    6  6  3  1  5  2  4  4  1  2  3  4  6  6
      2    6  3  6  2  1  5  4  4  1  2  3  4  6  6
      2    6  5  3  6  2  1  4  4  1  2  4  4  6  6
      2    6  5  3  2  1  6  4  4  1  2  3  4  6  6
      2    4  3  1  4  2  0  0  2  1  3  5  6  0  0
      2    6  3  1  2  5  6  4  4  1  2  3  4  6  6
      2    3  3  4  5  0  0  0  2  2  3  6  0  0  0
      2    6  3  2  5  1  6  4  4  1  2  2  4  6  6
      2    6  4  6  5  3  2  1  4  1  3  3  4  6  6
      2    4  4  6  3  1  0  0  2  2  2  5  6  0  0
      2    4  4  6  3  2  0  0  2  1  3  5  6  0  0
      2    6  4  6  5  2  3  1  4  2  2  3  4  6  6
      2    6  4  6  2  1  3  5  4  1  3  3  4  6  6
      2    6  4  1  6  3  2  5  4  1  1  3  4  6  6
      2    6  4  1  6  2  3  5  4  1  2  2  4  6  6
      2    6  4  1  2  6  3  5  4  1  2  3  4  6  6
      2    6  4  1  2  3  6  5  4  1  1  1  4  6  6
      2    6  4  3  1  6  5  2  4  1  3  3  4  6  6
      2    6  4  2  1  6  5  3  4  1  1  3  4  6  6
      2    4  4  2  3  1  0  0  2  1  2  5  6  0  0
      2    4  2  5  1  4  0  0  3  2  3  4  6  0  0
      2    6  2  1  3  5  6  4  4  1  1  3  4  6  6
      2    4  2  3  1  6  0  0  3  2  3  4  6  0  0
      2    4  2  3  1  6  0  0  2  1  2  5  6  0  0
      2    4  2  4  3  5  0  0  2  1  3  5  6  0  0
      1    5  6  5  1  2  3  0  3  1  2  3  6  6  0
      1    3  6  5  3  0  0  0  2  1  4  6  0  0  0
      1    6  6  5  3  2  1  4  4  1  1  1  4  6  6
      1    6  5  6  4  1  3  2  4  1  1  3  4  6  6
      1    6  5  6  3  4  2  1  4  1  2  3  4  6  6
      1    6  6  1  5  3  2  4  4  1  1  3  4  6  6
      1    6  6  1  5  3  4  2  4  2  2  4  4  5  6
      1    6  6  1  4  3  5  2  4  2  2  3  3  6  6
      1    4  6  1  4  2  0  0  2  1  1  6  6  0  0
      1    6  2  3  6  1  5  4  4  2  2  3  4  6  6
      1    6  1  4  6  2  5  3  4  1  2  4  4  6  6
      1    3  6  3  5  0  0  0  2  1  4  6  0  0  0
      1    5  6  1  3  2  5  0  3  1  1  4  6  6  0
      1    6  6  3  4  5  2  1  4  2  2  4  4  5  6
      1    5  6  3  2  5  1  0  3  2  2  2  6  6  0
      1    6  3  6  2  1  4  5  4  1  2  3  4  6  6
      1    4  6  4  1  2  0  0  2  1  1  6  6  0  0
      1    6  6  4  1  2  5  3  4  1  2  3  4  6  6
      1    6  6  2  5  4  1  3  4  1  3  3  4  6  6
      1    6  6  4  2  1  5  3  4  1  1  3  4  6  6
      1    5  6  4  2  3  1  0  3  2  2  2  6  6  0
      1    6  6  2  1  5  4  3  4  1  2  4  4  6  6
      1    6  6  2  3  1  4  5  4  1  1  3  4  6  6
      1    6  6  1  2  4  3  5  4  1  1  2  4  6  6
      1    6  6  2  1  4  3  5  4  1  3  3  4  6  6
      1    6  6  2  3  4  5  1  4  1  3  3  4  6  6
      1    4  6  2  3  4  0  0  2  1  2  5  6  0  0
      1    6  6  2  4  5  3  1  4  1  2  4  4  6  6
      1    6  5  3  6  4  1  2  4  1  1  3  4  6  6
      1    6  5  6  3  2  1  4  4  3  3  3  4  5  6
      1    3  5  6  4  0  0  0  2  1  4  6  0  0  0
      1    4  1  5  6  2  0  0  2  1  2  5  6  0  0
      1    6  1  5  3  6  4  2  4  1  1  3  4  6  6
      1    5  1  5  2  3  4  0  3  2  3  3  5  6  0
      1    6  5  1  3  2  4  6  4  1  2  3  4  6  6
      1    5  5  4  1  2  3  0  3  1  1  4  6  6  0
      1    6  5  1  4  2  3  6  4  1  2  3  4  6  6
      1    6  5  1  2  6  4  3  4  1  1  3  4  6  6
      1    4  5  1  4  2  0  0  3  3  3  4  6  0  0
      1    4  5  3  6  1  0  0  2  1  1  6  6  0  0
      1    6  5  3  1  6  2  4  4  1  2  3  4  6  6
      1    6  5  3  1  2  4  6  4  1  1  2  4  6  6
      1    4  5  3  1  2  0  0  2  1  2  5  6  0  0
      1    6  5  4  3  2  6  1  4  1  2  3  4  6  6
      1    6  5  3  2  4  1  6  4  1  3  3  4  6  6
      1    6  5  3  2  6  1  4  4  1  1  1  4  6  6
      1    4  5  3  2  4  0  0  2  1  2  5  6  0  0
      1    6  3  5  2  6  4  1  4  1  2  3  4  6  6
      1    2  5  4  0  0  0  0  1  1  6  0  0  0  0
      1    3  5  4  6  0  0  0  2  2  3  6  0  0  0
      1    4  5  2  4  1  0  0  2  1  3  5  6  0  0
      1    6  5  4  2  3  1  6  4  1  1  3  4  6  6
      1    6  5  2  6  3  1  4  4  1  2  3  4  6  6
      1    5  2  5  1  3  6  0  3  1  2  3  6  6  0
      1    6  5  2  1  4  6  3  4  1  1  1  4  6  6
      1    4  5  2  3  1  0  0  2  1  2  5  6  0  0
      1    6  5  2  3  4  6  1  4  1  1  1  4  6  6
      1    4  5  2  4  3  0  0  3  2  3  4  6  0  0
      1    6  5  2  4  3  1  6  4  1  2  4  4  6  6
      1    6  1  5  6  4  3  2  4  1  1  2  4  6  6
      1    6  1  6  3  5  2  4  4  1  1  3  4  6  6
      1    6  1  6  3  5  4  2  4  1  2  2  4  6  6
      1    4  3  1  6  2  0  0  3  2  3  4  6  0  0
      1    6  1  3  6  2  4  5  4  1  2  3  4  6  6
      1    4  1  6  2  4  0  0  2  1  1  6  6  0  0
      1    3  1  5  6  0  0  0  2  2  3  6  0  0  0
      1    4  1  5  6  3  0  0  2  1  2  5  6  0  0
      1    6  1  5  3  6  4  2  4  1  3  3  4  6  6
      1    6  1  5  3  4  6  2  4  1  1  4  4  6  6
      1    5  5  1  3  4  2  0  3  1  2  3  6  6  0
      1    6  1  5  3  4  2  6  4  1  1  3  4  6  6
      1    6  1  5  4  6  3  2  4  1  2  4  4  6  6
      1    6  5  4  1  3  2  6  4  1  2  3  4  6  6
      1    6  5  1  2  6  3  4  4  1  2  4  4  6  6
      1    6  1  2  5  3  4  6  4  1  1  3  4  6  6
      1    6  1  5  4  2  6  3  4  1  2  3  4  6  6
      1    6  1  5  2  3  6  4  4  1  2  4  4  6  6
      1    4  1  3  6  5  0  0  2  1  1  6  6  0  0
      1    6  1  3  6  4  5  2  4  1  2  3  4  6  6
      1    4  3  1  5  6  0  0  3  2  3  4  6  0  0
      1    6  1  3  5  6  4  2  4  1  3  3  3  6  6
      1    6  1  5  3  4  2  6  4  2  2  3  4  5  6
      1    6  3  1  4  5  6  2  4  1  2  4  4  6  6
      1    4  1  3  4  2  0  0  2  1  2  5  6  0  0
      1    6  1  3  2  5  6  4  4  1  1  4  4  6  6
      1    5  1  2  3  4  6  0  3  2  2  3  5  6  0
      1    6  1  4  6  3  2  5  4  2  2  2  4  6  6
      1    6  1  4  6  2  3  5  4  1  2  2  4  6  6
      1    6  1  4  3  5  2  6  4  1  2  3  4  6  6
      1    6  1  3  4  5  6  2  4  1  2  3  4  6  6
      1    5  4  1  3  2  6  0  3  1  2  3  6  6  0
      1    6  1  4  2  6  5  3  4  1  1  2  4  6  6
      1    6  1  4  2  5  6  3  4  1  2  2  4  6  6
      1    4  1  4  2  3  0  0  2  1  1  6  6  0  0
      1    6  4  1  2  3  5  6  4  1  2  4  4  6  6
      1    4  1  2  6  3  0  0  2  1  3  5  6  0  0
      1    6  1  2  6  3  4  5  4  1  3  3  4  6  6
      1    4  2  1  6  4  0  0  2  1  3  5  6  0  0
      1    6  1  6  2  4  5  3  4  1  2  3  4  6  6
      1    6  1  2  6  4  3  5  4  1  1  1  4  6  6
      1    4  1  2  5  6  0  0  2  1  1  6  6  0  0
      1    6  1  2  5  6  4  3  4  1  2  2  4  6  6
      1    5  1  2  5  3  6  0  3  1  2  3  6  6  0
      1    6  1  2  5  3  4  6  4  2  4  4  4  5  6
      1    4  1  2  3  6  0  0  2  1  3  5  6  0  0
      1    6  1  2  4  3  5  6  4  1  3  3  4  6  6
      1    6  1  2  4  5  6  3  4  2  3  3  4  5  6
      1    6  1  2  4  3  6  5  4  1  1  1  4  6  6
      1    6  1  3  2  4  5  6  4  1  2  3  4  6  6
      1    6  3  6  5  1  4  2  4  1  2  3  4  6  6
      1    6  3  6  5  2  1  4  4  1  1  3  4  6  6
      1    6  3  6  1  4  2  5  4  1  1  3  4  6  6
      1    6  3  6  4  1  5  2  4  1  1  3  4  6  6
      1    6  3  4  6  5  1  2  4  1  3  4  4  5  6
      1    6  3  6  2  1  4  5  4  1  2  2  4  6  6
      1    4  3  6  2  4  0  0  2  1  1  5  6  0  0
      1    6  3  6  2  4  5  1  4  1  2  2  4  6  6
      1    6  3  6  1  2  4  5  4  1  2  3  4  6  6
      1    6  3  5  6  1  4  2  4  1  3  3  4  6  6
      1    4  3  6  5  1  0  0  2  2  2  5  6  0  0
      1    6  5  6  3  1  4  2  4  1  2  3  4  6  6
      1    6  3  5  1  4  2  6  4  1  2  3  4  6  6
      1    6  3  5  2  4  6  1  4  1  2  3  4  6  6
      1    6  3  4  5  2  1  6  4  1  2  4  4  6  6
      1    6  3  5  6  2  1  4  4  2  3  3  4  5  6
      1    4  3  5  2  1  0  0  3  2  3  4  6  0  0
      1    6  3  5  2  6  4  1  4  1  3  3  4  6  6
      1    6  3  1  5  6  4  2  4  2  2  2  4  6  6
      1    6  3  6  2  5  1  4  4  2  3  3  4  5  6
      1    4  3  1  6  4  0  0  2  1  2  5  6  0  0
      1    4  6  3  1  2  0  0  2  1  2  5  6  0  0
      1    5  3  1  2  6  4  0  3  1  2  3  6  6  0
      1    4  3  5  1  6  0  0  2  1  2  5  6  0  0
      1    6  3  1  6  5  4  2  4  1  1  3  4  6  6
      1    6  3  1  5  6  2  4  4  1  1  2  4  6  6
      1    4  1  5  3  4  0  0  2  1  1  6  6  0  0
      1    4  3  1  5  2  0  0  2  1  3  5  6  0  0
      1    6  3  1  2  5  6  4  4  2  2  2  4  6  6
      1    6  3  1  4  6  2  5  4  1  2  3  4  6  6
      1    6  3  1  4  2  5  6  4  1  2  2  4  6  6
      1    6  3  1  6  4  5  2  4  1  2  3  4  6  6
      1    5  2  1  6  3  4  0  3  1  2  3  6  6  0
      1    4  3  1  2  5  0  0  2  1  2  5  6  0  0
      1    4  3  1  2  4  0  0  2  1  1  5  6  0  0
      1    6  3  2  1  4  5  6  4  1  1  2  4  6  6
      1    6  3  4  6  5  2  1  4  1  1  4  4  6  6
      1    4  3  4  6  2  0  0  2  1  4  5  6  0  0
      1    6  3  4  5  6  1  2  4  1  2  4  4  6  6
      1    6  3  4  5  6  2  1  4  2  2  4  4  5  6
      1    4  3  4  1  5  0  0  2  1  1  6  6  0  0
      1    6  4  3  1  5  2  6  4  1  3  3  4  6  6
      1    6  3  1  4  2  5  6  4  1  1  2  4  6  6
      1    6  3  4  1  2  5  6  4  1  3  3  4  6  6
      1    6  3  2  4  1  6  5  4  1  1  2  4  6  6
      1    6  3  2  6  1  5  4  4  1  2  2  4  6  6
      1    6  3  2  6  4  5  1  4  1  4  4  4  5  6
      1    6  2  5  3  6  1  4  4  1  1  3  4  6  6
      1    4  3  2  1  5  0  0  2  1  3  5  6  0  0
      1    6  4  2  5  3  1  6  4  1  2  2  4  6  6
      1    4  3  6  2  1  0  0  2  1  2  5  6  0  0
      1    4  3  2  1  5  0  0  2  2  2  5  6  0  0
      1    5  3  1  6  2  4  0  3  1  2  3  6  6  0
      1    6  2  3  1  4  6  5  4  1  1  1  4  6  6
      1    6  3  2  4  6  1  5  4  1  1  1  4  6  6
      1    6  3  2  6  4  5  1  4  1  1  4  4  6  6
      1    6  3  2  5  4  1  6  4  1  2  3  4  6  6
      1    6  3  2  4  1  5  6  4  3  3  3  4  5  6
      1    5  4  6  1  2  3  0  3  1  2  4  6  6  0
      1    6  4  5  6  3  1  2  4  1  2  3  4  6  6
      1    6  6  4  5  3  1  2  4  1  2  2  4  6  6
      1    6  6  4  3  2  5  1  4  1  1  3  4  6  6
      1    5  4  3  6  2  1  0  3  1  1  4  6  6  0
      1    6  4  6  2  3  1  5  4  1  1  2  4  6  6
      1    5  6  4  2  5  3  0  3  1  2  4  6  6  0
      1    5  4  5  6  3  1  0  3  1  2  4  6  6  0
      1    6  5  4  6  2  3  1  4  1  3  4  4  5  6
      1    6  5  4  6  2  1  3  4  1  2  2  4  6  6
      1    6  4  5  1  3  2  6  4  1  1  3  4  6  6
      1    6  4  5  2  1  3  6  4  1  2  3  4  6  6
      1    6  4  5  3  2  1  6  4  2  2  3  3  6  6
      1    6  4  5  6  2  1  3  4  1  2  3  4  6  6
      1    6  1  4  6  5  2  3  4  1  3  3  3  6  6
      1    4  1  4  3  6  0  0  2  1  2  5  6  0  0
      1    6  4  1  6  3  2  5  4  1  2  3  4  6  6
      1    6  4  1  6  2  5  3  4  1  2  4  4  6  6
      1    4  4  1  5  3  0  0  2  2  2  5  6  0  0
      1    6  4  1  3  5  6  2  4  1  2  3  4  6  6
      1    4  4  5  1  2  0  0  2  1  1  6  6  0  0
      1    6  1  3  4  5  2  6  4  2  2  3  3  6  6
      1    4  4  1  3  6  0  0  2  1  3  5  6  0  0
      1    6  4  1  3  6  5  2  4  1  1  3  4  6  6
      1    6  4  1  3  6  2  5  4  1  1  4  4  6  6
      1    4  4  3  1  2  0  0  2  1  2  5  6  0  0
      1    6  4  1  3  5  2  6  4  1  1  3  4  6  6
      1    6  4  2  1  3  5  6  4  1  2  4  4  6  6
      1    4  1  2  4  3  0  0  2  2  2  5  6  0  0
      1    6  4  1  2  3  5  6  4  1  1  4  4  6  6
      1    6  4  3  5  6  1  2  4  2  3  3  4  5  6
      1    6  4  3  6  1  5  2  4  1  1  3  4  6  6
      1    6  4  3  6  2  1  5  4  1  3  3  4  6  6
      1    6  4  3  5  6  2  1  4  1  1  3  4  6  6
      1    4  4  3  5  1  0  0  2  1  1  6  6  0  0
      1    6  4  3  2  5  6  1  4  1  2  4  4  6  6
      1    6  4  3  1  6  2  5  4  1  2  4  4  6  6
      1    6  4  1  3  2  5  6  4  1  2  4  4  6  6
      1    6  4  3  1  2  6  5  4  1  2  3  4  6  6
      1    6  4  3  1  2  5  6  4  1  3  3  4  6  6
      1    6  4  3  2  6  1  5  4  2  3  3  4  5  6
      1    6  4  3  2  1  5  6  4  1  1  2  4  6  6
      1    4  4  2  6  1  0  0  2  1  1  6  6  0  0
      1    6  4  2  6  3  5  1  4  1  1  4  4  6  6
      1    6  4  2  5  1  3  6  4  1  2  3  4  6  6
      1    6  4  2  1  6  5  3  4  1  2  2  4  6  6
      1    6  4  5  2  1  6  3  4  1  1  3  4  6  6
      1    6  4  2  3  5  1  6  4  1  2  2  4  6  6
      1    6  4  2  3  1  5  6  4  1  2  3  4  6  6
      1    3  2  6  5  0  0  0  2  1  4  6  0  0  0
      1    3  2  6  1  0  0  0  2  1  4  6  0  0  0
      1    6  2  6  1  5  3  4  4  1  2  4  4  6  6
      1    6  2  1  6  3  4  5  4  1  2  3  4  6  6
      1    6  2  6  1  4  5  3  4  1  2  3  4  6  6
      1    6  2  6  4  1  3  5  4  1  1  3  4  6  6
      1    3  6  2  4  0  0  0  2  2  3  6  0  0  0
      1    3  2  5  6  0  0  0  2  1  4  6  0  0  0
      1    6  2  5  6  1  3  4  4  1  2  2  4  6  6
      1    6  5  6  2  1  4  3  4  1  2  4  4  6  6
      1    6  2  5  6  3  4  1  4  2  3  3  4  5  6
      1    6  2  5  1  4  6  3  4  1  1  1  4  6  6
      1    4  2  5  3  6  0  0  2  2  2  5  6  0  0
      1    6  2  5  3  4  6  1  4  1  1  3  4  6  6
      1    3  2  4  5  0  0  0  2  1  4  6  0  0  0
      1    5  2  5  4  6  1  0  3  2  3  3  5  6  0
      1    6  5  2  4  1  3  6  4  1  2  3  4  6  6
      1    6  2  5  4  1  3  6  4  1  2  3  4  6  6
      1    4  2  5  4  1  0  0  2  1  2  5  6  0  0
      1    6  2  5  4  1  3  6  4  1  3  3  3  6  6
      1    6  2  4  6  1  5  3  4  1  2  4  4  6  6
      1    5  2  1  6  4  3  0  3  1  2  3  6  6  0
      1    6  2  1  5  3  4  6  4  1  1  3  4  6  6
      1    6  2  1  6  5  4  3  4  1  2  3  4  6  6
      1    5  2  1  5  3  6  0  3  1  2  4  6  6  0
      1    6  2  1  3  5  6  4  4  1  2  2  4  6  6
      1    4  2  1  3  4  0  0  2  1  1  6  6  0  0
      1    6  2  1  3  4  5  6  4  1  2  2  4  6  6
      1    6  2  1  4  6  5  3  4  1  2  3  4  6  6
      1    5  2  1  4  6  3  0  3  2  3  3  5  6  0
      1    4  2  4  1  3  0  0  2  1  2  5  6  0  0
      1    6  2  3  5  4  6  1  4  1  3  3  4  6  6
      1    4  2  3  6  1  0  0  2  1  2  5  6  0  0
      1    6  2  3  6  4  1  5  4  1  2  2  4  6  6
      1    4  2  5  3  1  0  0  2  1  2  5  6  0  0
      1    6  2  3  5  1  6  4  4  1  2  2  4  6  6
      1    6  2  3  5  1  4  6  4  1  1  3  4  6  6
      1    6  2  3  1  6  4  5  4  1  1  3  4  6  6
      1    5  2  3  1  6  4  0  3  1  2  3  6  6  0
      1    6  3  1  2  5  6  4  4  2  2  3  3  6  6
      1    4  2  3  1  4  0  0  2  1  1  6  6  0  0
      1    6  2  3  1  4  5  6  4  1  1  2  4  6  6
      1    6  2  3  1  4  5  6  4  3  3  3  4  5  6
      1    4  2  3  4  1  0  0  2  1  3  5  6  0  0
      1    6  2  3  4  1  6  5  4  1  1  3  4  6  6
      1    6  2  3  4  1  5  6  4  1  1  2  4  6  6
      1    4  6  4  2  1  0  0  2  1  2  5  6  0  0
      1    6  2  4  6  1  3  5  4  1  2  2  4  6  6
      1    4  2  4  6  3  0  0  2  1  1  6  6  0  0
      1    5  4  2  6  5  3  0  3  1  2  3  6  6  0
      1    6  4  2  6  3  5  1  4  1  2  2  4  6  6
      1    4  6  2  4  5  0  0  3  2  3  4  6  0  0
      1    4  2  4  1  3  0  0  2  2  2  5  6  0  0
      1    6  4  2  1  3  6  5  4  1  2  4  4  6  6
      1    6  2  4  3  6  5  1  4  1  2  2  4  6  6
      1    5  2  4  3  5  1  0  3  1  1  4  6  6  0
      1    6  2  4  3  1  6  5  4  1  1  3  4  6  6
  0
Leaderdale
