Maryhill   Glasgow  2007
'Rating type, # raw ballots, # processed, final # combined: ' -1      9901      2226      2147
'# candidates to be elected, # reduced, original #: '  4  8  8
'Max # ranked or rated, max # rating levels, undervote penalty: '  6  1  1
'Original candidates, as reordered: '  1  8  5  3  6  4  7  2
    723    1  1  0  0  0  0  0
    551    2  2  3  0  0  0  0
    403    1  2  0  0  0  0  0
    400    1  3  0  0  0  0  0
    373    2  3  2  0  0  0  0
    369    1  6  0  0  0  0  0
    296    1  4  0  0  0  0  0
    120    2  6  4  0  0  0  0
    109    2  4  5  0  0  0  0
    105    2  4  6  0  0  0  0
     98    1  5  0  0  0  0  0
     93    2  1  5  0  0  0  0
     76    2  1  4  0  0  0  0
     76    3  2  3  4  0  0  0
     73    2  1  7  0  0  0  0
     69    1  7  0  0  0  0  0
     56    2  1  8  0  0  0  0
     54    2  1  2  0  0  0  0
     53    1  8  0  0  0  0  0
     54    3  2  3  1  0  0  0
     53    2  4  1  0  0  0  0
     53    3  4  1  5  0  0  0
     52    3  4  6  5  0  0  0
     48    2  4  2  0  0  0  0
     45    3  1  5  4  0  0  0
     44    3  3  2  4  0  0  0
     43    2  5  4  0  0  0  0
     41    3  1  4  5  0  0  0
     41    2  1  3  0  0  0  0
     41    3  4  5  1  0  0  0
     40    3  1  8  7  0  0  0
     39    3  1  5  7  0  0  0
     39    2  6  5  0  0  0  0
     38    3  1  7  8  0  0  0
     37    3  3  2  1  0  0  0
     36    2  1  6  0  0  0  0
     34    3  1  3  2  0  0  0
     35    2  2  4  0  0  0  0
     34    3  4  5  2  0  0  0
     34    2  2  1  0  0  0  0
     34    3  2  3  5  0  0  0
     33    2  6  1  0  0  0  0
     30    3  6  4  5  0  0  0
     28    2  6  2  0  0  0  0
     28    2  3  1  0  0  0  0
     27    3  3  1  2  0  0  0
     27    3  5  4  1  0  0  0
     26    3  1  4  2  0  0  0
     26    3  3  2  5  0  0  0
     25    3  4  6  2  0  0  0
     24    3  1  2  3  0  0  0
     25    3  2  3  7  0  0  0
     23    3  1  4  6  0  0  0
     24    3  5  4  2  0  0  0
     23    2  5  1  0  0  0  0
     22    3  1  6  4  0  0  0
     23    3  2  1  3  0  0  0
     22    2  3  4  0  0  0  0
     21    3  2  4  3  0  0  0
     21    3  2  3  6  0  0  0
     20    2  4  3  0  0  0  0
     20    3  4  3  2  0  0  0
     20    3  4  5  6  0  0  0
     20    3  4  2  5  0  0  0
     20    3  6  4  1  0  0  0
     19    3  1  4  7  0  0  0
     19    2  8  1  0  0  0  0
     19    3  3  2  7  0  0  0
     19    3  2  1  4  0  0  0
     18    3  1  2  4  0  0  0
     18    3  6  5  4  0  0  0
     17    3  1  8  5  0  0  0
     18    3  5  1  4  0  0  0
     18    2  7  1  0  0  0  0
     18    4  2  3  4  5  0  0
     17    3  4  1  6  0  0  0
     17    4  3  2  4  5  0  0
     17    2  5  2  0  0  0  0
     16    3  1  5  8  0  0  0
     16    3  1  7  5  0  0  0
     15    3  1  8  4  0  0  0
     16    4  3  2  5  4  0  0
     15    3  1  7  4  0  0  0
     15    3  4  1  2  0  0  0
     15    3  4  6  1  0  0  0
     15    3  4  2  3  0  0  0
     14    3  1  4  3  0  0  0
     14    3  4  5  3  0  0  0
     14    4  4  5  2  3  0  0
     14    3  4  2  1  0  0  0
     14    3  6  4  2  0  0  0
     14    2  2  6  0  0  0  0
     14    3  2  3  8  0  0  0
     14    4  2  3  5  4  0  0
     13    3  4  2  6  0  0  0
     13    3  3  4  2  0  0  0
     13    2  3  7  0  0  0  0
     12    4  1  8  5  7  0  0
     12    3  1  4  8  0  0  0
     13    3  5  6  4  0  0  0
     12    3  1  6  5  0  0  0
     13    2  7  8  0  0  0  0
     13    4  2  3  1  4  0  0
     13    4  2  3  4  1  0  0
     13    2  2  5  0  0  0  0
     12    4  4  5  3  2  0  0
     12    3  6  1  4  0  0  0
     12    2  3  8  0  0  0  0
     12    3  3  2  8  0  0  0
     12    3  5  1  7  0  0  0
     12    3  5  3  2  0  0  0
     11    3  1  3  4  0  0  0
     11    3  1  3  7  0  0  0
     12    2  7  2  0  0  0  0
     11    4  1  7  8  5  0  0
     11    2  8  5  0  0  0  0
     11    4  4  1  6  5  0  0
     11    3  4  3  5  0  0  0
     11    3  3  5  2  0  0  0
     11    3  3  7  2  0  0  0
     11    4  3  2  4  6  0  0
     11    2  5  6  0  0  0  0
     11    2  7  4  0  0  0  0
     10    4  1  5  7  8  0  0
     10    3  1  5  2  0  0  0
     11    2  2  7  0  0  0  0
     10    3  4  6  3  0  0  0
     10    3  4  5  7  0  0  0
     10    4  6  4  1  5  0  0
     10    2  3  5  0  0  0  0
      9    4  1  8  7  4  0  0
      9    4  1  8  7  5  0  0
      9    4  1  4  8  5  0  0
      9    4  1  4  5  6  0  0
     10    3  5  4  8  0  0  0
     10    4  5  4  2  3  0  0
     10    3  5  2  4  0  0  0
      9    3  4  3  1  0  0  0
      9    4  4  5  1  6  0  0
      9    3  6  2  4  0  0  0
      9    3  3  1  4  0  0  0
      9    4  3  2  1  4  0  0
      9    4  3  2  1  5  0  0
      9    2  5  8  0  0  0  0
      8    4  1  4  2  5  0  0
      8    4  1  6  4  5  0  0
      9    2  5  3  0  0  0  0
      9    3  5  2  3  0  0  0
      8    4  1  3  2  4  0  0
      8    4  1  5  8  7  0  0
      8    4  1  5  7  4  0  0
      9    2  7  5  0  0  0  0
      8    3  1  7  2  0  0  0
      9    2  2  8  0  0  0  0
      9    3  2  4  1  0  0  0
      8    3  8  1  5  0  0  0
      9    4  2  3  1  8  0  0
      8    3  8  5  1  0  0  0
      8    3  4  1  3  0  0  0
      8    3  6  1  2  0  0  0
      8    3  6  4  3  0  0  0
      8    3  3  4  1  0  0  0
      8    4  5  4  3  2  0  0
      8    3  5  4  7  0  0  0
      8    3  5  7  8  0  0  0
      8    3  7  8  1  0  0  0
      7    4  1  5  4  2  0  0
      7    4  1  2  3  4  0  0
      8    4  2  3  1  5  0  0
      8    4  2  3  4  6  0  0
      8    3  2  5  4  0  0  0
      7    4  4  5  1  2  0  0
      7    3  4  5  8  0  0  0
      7    4  4  2  3  5  0  0
      7    4  4  2  5  3  0  0
      7    2  6  3  0  0  0  0
      7    2  6  7  0  0  0  0
      7    4  3  4  5  2  0  0
      6    4  1  8  4  6  0  0
      6    3  1  8  3  0  0  0
      6    4  1  8  3  2  0  0
      6    4  1  4  3  2  0  0
      6    4  1  4  5  8  0  0
      6    4  1  4  5  7  0  0
      7    3  5  4  6  0  0  0
      7    4  5  2  3  4  0  0
      7    2  7  3  0  0  0  0
      6    4  1  7  8  4  0  0
      7    4  2  1  3  4  0  0
      6    3  1  2  5  0  0  0
      7    3  2  4  5  0  0  0
      6    3  8  1  7  0  0  0
      6    3  8  5  7  0  0  0
      7    4  2  3  6  4  0  0
      6    4  4  1  5  6  0  0
      6    4  4  6  5  1  0  0
      6    4  4  6  5  2  0  0
      6    4  4  3  5  2  0  0
      6    4  4  3  2  5  0  0
      6    3  6  3  4  0  0  0
      6    4  3  1  8  7  0  0
      6    4  3  5  2  4  0  0
      6    3  3  7  1  0  0  0
      5    6  1  8  4  6  3  5
      5    6  1  8  7  5  4  2
      5    6  1  4  6  5  3  2
      5    4  1  4  3  5  0  0
      6    3  5  8  7  0  0  0
      5    4  1  4  5  2  0  0
      5    4  1  4  2  3  0  0
      5    4  1  6  5  4  0  0
      5    3  1  6  7  0  0  0
      5    3  1  6  2  0  0  0
      5    4  1  3  4  5  0  0
      5    4  1  3  2  5  0  0
      6    3  7  5  1  0  0  0
      5    4  1  7  4  8  0  0
      5    4  1  7  5  8  0  0
      6    3  2  1  5  0  0  0
      6    3  2  4  6  0  0  0
      6    4  2  3  8  4  0  0
      5    2  8  7  0  0  0  0
      5    4  8  7  1  5  0  0
      5    3  4  1  8  0  0  0
      5    3  4  1  7  0  0  0
      5    4  4  1  2  5  0  0
      6    3  2  7  8  0  0  0
      5    4  4  6  2  3  0  0
      5    3  4  3  6  0  0  0
      5    3  4  7  5  0  0  0
      5    4  4  2  3  6  0  0
      5    4  6  1  4  5  0  0
      5    4  6  1  5  4  0  0
      5    3  6  2  3  0  0  0
      5    4  3  1  2  4  0  0
      5    4  3  2  1  8  0  0
      5    4  3  2  1  7  0  0
      5    4  3  2  8  7  0  0
      4    6  1  8  4  3  5  7
      4    4  1  8  4  5  0  0
      5    3  3  2  6  0  0  0
      4    4  1  8  3  7  0  0
      5    4  3  2  7  4  0  0
      5    3  5  1  8  0  0  0
      4    4  1  4  6  5  0  0
      4    4  1  4  6  2  0  0
      4    4  1  4  2  6  0  0
      4    3  1  6  3  0  0  0
      5    3  5  7  1  0  0  0
      4    4  1  3  7  2  0  0
      5    3  7  1  8  0  0  0
      5    3  7  1  5  0  0  0
      4    4  1  5  4  8  0  0
      4    4  1  5  4  6  0  0
      4    3  1  5  6  0  0  0
      4    4  1  5  2  4  0  0
      5    3  7  5  8  0  0  0
      4    3  1  7  3  0  0  0
      5    3  2  1  7  0  0  0
      4    3  1  2  6  0  0  0
      5    4  2  4  1  3  0  0
      5    4  2  4  1  5  0  0
      5    4  2  4  3  5  0  0
      4    2  8  3  0  0  0  0
      5    4  2  3  8  1  0  0
      4    4  4  1  5  7  0  0
      4    4  4  1  5  2  0  0
      5    3  2  5  3  0  0  0
      4    4  4  1  2  3  0  0
      4    2  4  8  0  0  0  0
      5    3  2  7  3  0  0  0
      4    4  4  6  1  2  0  0
      4    4  4  6  2  1  0  0
      4    6  4  3  5  2  7  6
      4    4  4  3  2  1  0  0
      4    4  4  5  1  3  0  0
      4    2  4  7  0  0  0  0
      4    4  4  2  6  5  0  0
      4    4  4  2  5  1  0  0
      4    4  4  2  5  6  0  0
      4    6  6  4  5  1  2  3
      4    4  6  4  2  3  0  0
      4    3  3  1  6  0  0  0
      4    4  3  4  1  2  0  0
      4    3  3  4  6  0  0  0
      4    3  3  4  5  0  0  0
      4    4  3  4  2  5  0  0
      4    6  3  4  2  5  6  7
      4    2  3  6  0  0  0  0
      4    3  3  5  4  0  0  0
      4    6  3  2  1  4  5  8
      3    4  1  8  4  7  0  0
      3    4  1  8  6  4  0  0
      4    4  3  2  5  1  0  0
      3    4  1  8  5  4  0  0
      4    4  3  2  5  7  0  0
      3    5  1  8  5  7  4  0
      3    6  1  8  5  7  4  6
      3    3  1  8  2  0  0  0
      4    4  5  1  4  6  0  0
      3    4  1  4  8  7  0  0
      3    6  1  4  6  3  5  7
      4    4  5  1  3  2  0  0
      4    4  5  1  7  4  0  0
      3    6  1  4  3  5  2  7
      3    6  1  4  3  2  5  8
      4    4  5  4  1  8  0  0
      4    4  5  4  1  6  0  0
      4    4  5  4  1  2  0  0
      3    6  1  4  7  8  5  6
      3    4  1  4  2  8  0  0
      3    6  1  4  2  5  6  3
      3    3  1  6  8  0  0  0
      4    3  5  3  4  0  0  0
      4    4  5  3  4  2  0  0
      4    4  5  3  2  4  0  0
      4    2  5  7  0  0  0  0
      3    3  1  3  8  0  0  0
      3    4  1  3  4  2  0  0
      3    4  1  3  6  2  0  0
      3    3  1  3  5  0  0  0
      4    4  7  1  8  4  0  0
      4    3  7  1  4  0  0  0
      3    4  1  3  2  7  0  0
      3    5  1  5  4  8  7  0
      4    4  7  8  1  5  0  0
      3    4  1  5  4  7  0  0
      4    4  7  8  3  2  0  0
      4    3  7  8  5  0  0  0
      3    3  1  5  3  0  0  0
      3    4  1  5  3  4  0  0
      3    6  1  7  8  4  5  2
      3    5  1  7  8  5  4  0
      3    4  1  7  4  2  0  0
      3    4  1  7  6  8  0  0
      4    3  2  1  8  0  0  0
      3    4  1  7  3  2  0  0
      3    6  1  7  5  8  4  6
      3    4  1  7  5  4  0  0
      3    4  1  2  3  8  0  0
      4    3  2  8  3  0  0  0
      3    4  1  2  3  5  0  0
      3    3  1  2  7  0  0  0
      4    4  2  4  5  3  0  0
      4    3  2  6  4  0  0  0
      4    4  2  6  4  1  0  0
      4    6  2  3  1  8  7  4
      3    4  8  3  7  2  0  0
      3    3  8  5  4  0  0  0
      4    4  2  3  8  5  0  0
      3    4  8  5  7  2  0  0
      4    6  2  3  4  1  7  8
      3    3  8  7  5  0  0  0
      3    3  8  2  3  0  0  0
      3    3  8  2  5  0  0  0
      3    4  4  1  6  2  0  0
      3    4  4  1  3  2  0  0
      4    4  2  3  7  8  0  0
      4    4  2  3  7  5  0  0
      4    3  2  5  1  0  0  0
      4    3  2  7  1  0  0  0
      3    3  4  8  1  0  0  0
      3    3  4  8  5  0  0  0
      3    4  4  6  1  5  0  0
      3    4  4  6  3  2  0  0
      3    6  4  6  5  2  3  1
      3    6  4  3  2  6  5  1
      3    4  4  5  1  8  0  0
      3    5  4  5  1  8  7  0
      3    4  4  5  7  1  0  0
      3    4  4  5  7  8  0  0
      3    4  4  5  7  2  0  0
      3    4  4  5  2  1  0  0
      3    4  4  2  1  3  0  0
      3    4  4  2  1  5  0  0
      3    6  4  2  3  1  8  5
      3    6  6  4  1  2  5  3
      3    4  6  4  2  1  0  0
      3    6  6  4  2  3  5  1
      3    3  6  3  2  0  0  0
      3    3  3  1  8  0  0  0
      3    6  3  1  8  4  6  5
      3    4  3  1  4  6  0  0
      3    4  3  1  5  2  0  0
      3    3  3  1  7  0  0  0
      3    3  3  8  2  0  0  0
      3    4  3  8  2  7  0  0
      3    3  3  5  7  0  0  0
      3    4  3  7  2  8  0  0
      3    6  3  2  1  8  4  5
      3    6  3  2  1  8  6  4
      3    6  3  2  8  1  5  7
      3    4  3  2  8  5  0  0
      3    4  3  2  4  1  0  0
      2    6  1  8  4  6  5  7
      3    4  3  2  4  8  0  0
      2    6  1  8  4  6  7  5
      3    4  3  2  6  4  0  0
      2    6  1  8  3  7  2  5
      2    6  1  8  5  4  3  2
      3    4  3  2  5  6  0  0
      3    4  3  2  7  1  0  0
      2    6  1  8  5  7  2  3
      2    6  1  8  7  4  5  2
      2    6  1  8  7  5  4  6
      2    6  1  8  7  5  4  3
      2    6  1  8  7  5  3  2
      2    5  1  8  7  5  2  0
      3    6  3  2  7  5  8  4
      2    4  1  8  7  2  0  0
      2    4  1  8  2  3  0  0
      2    4  1  4  8  6  0  0
      2    6  1  4  8  6  3  7
      3    4  5  1  4  8  0  0
      2    5  1  4  8  7  5  0
      3    4  5  1  6  4  0  0
      2    4  1  4  6  3  0  0
      3    3  5  1  2  0  0  0
      3    3  5  8  1  0  0  0
      3    3  5  8  4  0  0  0
      2    6  1  4  3  7  2  5
      2    6  1  4  3  2  6  5
      3    4  5  8  7  1  0  0
      2    6  1  4  5  8  6  7
      3    4  5  8  7  2  0  0
      2    6  1  4  5  3  2  6
      3    6  5  4  1  2  3  6
      2    5  1  4  5  2  6  0
      2    4  1  4  7  6  0  0
      2    4  1  4  7  5  0  0
      3    6  5  4  6  3  2  8
      3    3  5  4  3  0  0  0
      2    6  1  4  2  3  6  5
      2    4  1  6  8  7  0  0
      2    6  1  6  4  8  5  7
      2    4  1  6  4  3  0  0
      2    6  1  6  4  3  2  5
      3    4  5  6  4  1  0  0
      3    3  5  6  2  0  0  0
      2    4  1  6  3  4  0  0
      2    4  1  6  5  8  0  0
      2    4  1  6  5  7  0  0
      3    4  5  7  1  3  0  0
      3    4  5  7  8  4  0  0
      3    3  5  7  4  0  0  0
      2    5  1  3  8  7  2  0
      2    6  1  3  8  2  4  7
      3    3  5  7  3  0  0  0
      2    4  1  3  4  7  0  0
      3    4  5  2  4  1  0  0
      2    4  1  3  5  4  0  0
      2    4  1  3  5  2  0  0
      2    6  1  3  7  2  8  4
      2    6  1  3  2  8  4  6
      3    3  5  2  7  0  0  0
      2    6  1  3  2  8  7  4
      2    6  1  3  2  4  6  8
      2    5  1  3  2  4  5  0
      2    6  1  3  2  4  5  7
      2    6  1  3  2  6  4  5
      2    5  1  3  2  5  8  0
      3    4  7  1  4  5  0  0
      2    4  1  5  8  4  0  0
      2    5  1  5  8  4  2  0
      2    6  1  5  8  7  4  6
      2    6  1  5  8  7  4  2
      2    6  1  5  4  6  8  7
      2    4  1  5  4  3  0  0
      2    5  1  5  4  7  8  0
      3    3  7  4  1  0  0  0
      3    3  7  4  8  0  0  0
      2    5  1  5  3  4  2  0
      2    4  1  5  3  2  0  0
      3    3  7  3  1  0  0  0
      2    5  1  5  7  4  8  0
      2    6  1  5  7  4  8  3
      3    4  7  3  8  2  0  0
      2    6  1  7  8  4  5  3
      3    4  7  5  4  8  0  0
      2    6  1  7  8  3  4  2
      3    3  7  2  8  0  0  0
      3    4  7  2  3  8  0  0
      2    4  1  7  4  5  0  0
      2    4  1  7  3  4  0  0
      2    6  1  7  5  8  4  2
      2    6  1  7  5  8  2  3
      2    4  1  7  5  3  0  0
      2    4  1  7  2  4  0  0
      2    6  1  7  2  4  8  3
      2    3  1  2  8  0  0  0
      2    4  1  2  8  4  0  0
      3    4  2  1  3  7  0  0
      2    4  1  2  8  3  0  0
      2    6  1  2  8  3  4  6
      3    4  2  1  5  4  0  0
      2    4  1  2  4  8  0  0
      2    4  1  2  4  6  0  0
      2    4  1  2  3  7  0  0
      2    4  1  2  5  3  0  0
      2    5  1  2  7  8  3  0
      2    4  1  2  7  4  0  0
      3    3  2  4  7  0  0  0
      2    4  8  1  4  5  0  0
      2    3  8  1  3  0  0  0
      2    4  8  1  5  4  0  0
      2    5  8  1  5  4  7  0
      3    6  2  3  1  4  8  5
      2    3  8  1  2  0  0  0
      3    5  2  3  1  4  5  0
      3    4  2  3  1  7  0  0
      2    3  8  3  2  0  0  0
      2    4  8  5  4  1  0  0
      2    4  8  7  5  4  0  0
      3    6  2  3  4  5  1  7
      2    2  8  2  0  0  0  0
      3    6  2  3  4  5  6  8
      3    6  2  3  4  5  6  7
      3    5  2  3  6  4  5  0
      2    4  4  1  3  5  0  0
      3    4  2  3  5  6  0  0
      2    6  4  1  3  2  8  7
      2    4  4  1  5  8  0  0
      3    6  2  3  7  1  8  4
      2    6  4  1  5  8  7  6
      3    6  2  3  7  8  4  5
      2    6  4  1  7  6  8  5
      2    4  4  1  7  5  0  0
      3    4  2  5  4  3  0  0
      2    4  4  1  7  2  0  0
      2    6  4  1  2  3  5  7
      2    3  4  8  6  0  0  0
      2    4  4  8  5  7  0  0
      3    4  2  7  3  8  0  0
      2    3  4  8  7  0  0  0
      2    6  4  6  1  5  7  8
      2    4  4  6  5  3  0  0
      2    4  4  3  1  7  0  0
      2    4  4  3  6  5  0  0
      2    4  4  3  6  2  0  0
      2    6  4  3  6  2  5  1
      2    4  4  3  5  1  0  0
      2    5  4  3  5  2  6  0
      2    4  4  3  2  8  0  0
      2    4  4  3  2  6  0  0
      2    4  4  3  2  7  0  0
      2    5  4  5  1  6  2  0
      2    4  4  5  1  7  0  0
      2    4  4  5  8  1  0  0
      2    4  4  5  8  2  0  0
      2    4  4  5  6  1  0  0
      2    4  4  5  6  3  0  0
      2    4  4  5  3  1  0  0
      2    5  4  5  2  3  1  0
      2    6  4  5  2  3  1  7
      2    3  4  7  8  0  0  0
      2    4  4  7  3  5  0  0
      2    4  4  2  6  1  0  0
      2    4  4  2  6  7  0  0
      2    6  4  2  3  1  5  8
      2    6  4  2  3  5  6  8
      2    3  4  2  7  0  0  0
      2    4  4  2  7  1  0  0
      2    3  6  1  5  0  0  0
      2    2  6  8  0  0  0  0
      2    3  6  8  1  0  0  0
      2    4  6  8  5  4  0  0
      2    3  6  4  8  0  0  0
      2    4  6  4  3  1  0  0
      2    5  6  4  3  2  5  0
      2    4  6  4  5  1  0  0
      2    4  6  4  5  8  0  0
      2    4  6  4  5  2  0  0
      2    6  6  4  2  3  1  5
      2    3  6  3  5  0  0  0
      2    6  6  3  2  4  5  1
      2    4  6  5  4  2  0  0
      2    3  6  2  8  0  0  0
      2    6  6  2  4  3  5  8
      2    4  6  2  3  4  0  0
      2    3  6  2  5  0  0  0
      2    4  6  2  5  4  0  0
      2    4  3  1  8  5  0  0
      2    4  3  1  8  2  0  0
      2    4  3  1  4  5  0  0
      2    4  3  1  4  2  0  0
      2    3  3  1  5  0  0  0
      2    4  3  1  7  2  0  0
      2    4  3  1  2  8  0  0
      2    6  3  1  2  8  4  6
      2    6  3  1  2  4  8  6
      2    4  3  1  2  5  0  0
      2    5  3  1  2  7  4  0
      2    3  3  8  1  0  0  0
      2    4  3  8  2  1  0  0
      2    4  3  4  6  2  0  0
      2    6  3  4  2  6  5  1
      2    3  3  6  1  0  0  0
      2    4  3  6  4  2  0  0
      2    3  3  6  5  0  0  0
      2    3  3  6  2  0  0  0
      2    3  3  5  1  0  0  0
      2    4  3  5  4  2  0  0
      2    4  3  7  5  2  0  0
      2    4  3  7  2  4  0  0
      2    6  3  2  1  4  6  8
      2    6  3  2  1  4  6  5
      2    4  3  2  8  4  0  0
      1    6  1  8  4  6  3  2
      1    5  1  8  4  6  7  0
      1    4  1  8  4  3  0  0
      1    6  1  8  4  3  7  2
      1    5  1  8  4  3  2  0
      1    6  1  8  4  3  2  7
      1    5  1  8  4  5  6  0
      1    6  1  8  4  5  3  6
      1    6  1  8  4  5  3  7
      1    6  1  8  4  7  5  2
      1    4  1  8  4  2  0  0
      2    6  3  2  4  5  6  7
      1    6  1  8  4  2  6  3
      1    6  1  8  4  2  3  6
      1    3  1  8  6  0  0  0
      1    6  1  8  6  4  3  5
      1    4  1  8  6  3  0  0
      1    6  1  8  6  3  5  4
      1    4  1  8  6  5  0  0
      1    5  1  8  6  5  7  0
      2    6  3  2  6  4  1  8
      1    4  1  8  6  7  0  0
      2    6  3  2  6  4  5  7
      1    5  1  8  6  7  5  0
      1    6  1  8  3  4  6  2
      1    6  1  8  3  6  4  5
      1    5  1  8  3  5  7  0
      2    4  3  2  5  8  0  0
      1    5  1  8  3  7  2  0
      1    6  1  8  3  2  4  7
      1    5  1  8  3  2  5  0
      1    5  1  8  3  2  7  0
      1    6  1  8  3  2  7  4
      1    6  1  8  3  2  7  5
      1    6  1  8  5  4  7  6
      1    6  1  8  5  4  7  3
      1    4  1  8  5  3  0  0
      1    6  1  8  5  7  4  3
      1    6  1  8  5  7  4  2
      1    6  1  8  5  7  3  4
      1    6  1  8  5  7  3  6
      2    4  3  2  7  8  0  0
      1    5  1  8  7  4  5  0
      2    6  3  2  7  8  1  4
      2    6  3  2  7  8  4  1
      1    6  1  8  7  4  2  5
      1    5  1  8  7  5  4  0
      2    4  3  2  7  5  0  0
      2    5  3  2  7  5  8  0
      2    6  3  2  7  5  8  1
      1    6  1  8  7  5  2  3
      1    5  1  8  7  2  3  0
      1    6  1  8  7  2  3  5
      1    4  1  8  2  4  0  0
      1    6  1  8  2  3  7  4
      1    5  1  8  2  5  7  0
      1    4  1  8  2  7  0  0
      2    4  5  1  8  7  0  0
      1    6  1  4  8  6  3  2
      1    6  1  4  8  6  5  7
      1    6  1  4  8  6  2  7
      1    6  1  4  8  3  6  5
      1    6  1  4  8  3  6  7
      1    6  1  4  8  3  5  2
      1    5  1  4  8  5  6  0
      1    6  1  4  8  5  6  7
      1    6  1  4  8  5  3  6
      1    6  1  4  8  5  3  2
      1    5  1  4  8  5  7  0
      1    6  1  4  8  5  7  6
      1    6  1  4  8  7  2  3
      1    6  1  4  8  2  5  3
      2    3  5  1  6  0  0  0
      1    4  1  4  6  8  0  0
      1    6  1  4  6  8  5  3
      2    4  5  1  3  4  0  0
      1    5  1  4  6  3  2  0
      1    5  1  4  6  5  8  0
      1    6  1  4  6  5  8  3
      2    4  5  1  7  8  0  0
      1    5  1  4  6  5  7  0
      1    6  1  4  6  5  7  8
      1    5  1  4  6  5  2  0
      1    6  1  4  6  5  2  3
      1    4  1  4  6  7  0  0
      1    4  1  4  3  8  0  0
      1    4  1  4  3  6  0  0
      1    5  1  4  3  6  5  0
      1    6  1  4  3  6  5  8
      1    6  1  4  3  6  5  2
      2    4  5  8  1  7  0  0
      1    6  1  4  3  5  7  2
      1    4  1  4  3  7  0  0
      1    6  1  4  3  7  8  5
      1    5  1  4  3  7  2  0
      1    6  1  4  3  2  6  8
      1    5  1  4  3  2  5  0
      1    6  1  4  3  2  5  6
      1    6  1  4  3  2  5  7
      2    6  5  8  7  1  4  2
      1    6  1  4  5  8  3  2
      1    6  1  4  5  8  2  3
      1    6  1  4  5  6  8  3
      2    4  5  8  2  3  0  0
      1    6  1  4  5  6  7  3
      1    5  1  4  5  6  2  0
      1    4  1  4  5  3  0  0
      1    6  1  4  5  3  8  2
      1    6  1  4  5  3  6  2
      1    6  1  4  5  3  7  8
      1    5  1  4  5  7  8  0
      2    4  5  4  1  3  0  0
      1    6  1  4  5  7  8  6
      1    6  1  4  5  7  8  2
      1    5  1  4  5  7  6  0
      1    6  1  4  5  7  2  3
      2    4  5  4  8  1  0  0
      1    6  1  4  5  2  6  8
      1    6  1  4  5  2  6  3
      1    6  1  4  5  2  3  8
      1    6  1  4  5  2  3  6
      1    4  1  4  7  8  0  0
      2    4  5  4  8  7  0  0
      1    6  1  4  7  8  5  3
      1    6  1  4  7  8  5  2
      1    6  1  4  7  6  2  3
      2    4  5  4  6  1  0  0
      1    6  1  4  7  5  8  6
      2    4  5  4  6  3  0  0
      1    6  1  4  7  5  2  8
      1    4  1  4  7  2  0  0
      1    6  1  4  2  8  6  3
      1    6  1  4  2  6  7  5
      1    5  1  4  2  3  8  0
      2    6  5  4  3  2  1  8
      2    5  5  4  3  2  8  0
      1    6  1  4  2  3  5  7
      2    6  5  4  3  2  6  1
      1    5  1  4  2  3  7  0
      2    6  5  4  3  2  7  1
      1    5  1  4  2  5  7  0
      1    4  1  6  8  4  0  0
      1    6  1  6  8  4  3  5
      1    6  1  6  8  4  3  7
      1    4  1  6  8  3  0  0
      1    4  1  6  8  5  0  0
      1    5  1  6  8  5  7  0
      2    4  5  4  2  8  0  0
      1    6  1  6  8  7  4  5
      1    6  1  6  8  2  4  5
      1    4  1  6  4  8  0  0
      2    5  5  4  2  3  6  0
      1    5  1  6  4  3  5  0
      2    3  5  6  1  0  0  0
      1    6  1  6  4  3  5  7
      2    4  5  6  1  4  0  0
      1    6  1  6  4  5  8  3
      1    6  1  6  4  5  7  8
      1    6  1  6  4  5  2  3
      1    4  1  6  4  2  0  0
      1    6  1  6  4  2  3  5
      2    3  5  6  3  0  0  0
      1    6  1  6  3  8  4  5
      1    5  1  6  3  5  7  0
      1    6  1  6  3  7  8  2
      2    3  5  3  1  0  0  0
      1    6  1  6  5  8  4  7
      1    6  1  6  5  4  8  7
      1    6  1  6  5  4  3  2
      1    6  1  6  5  4  7  8
      1    6  1  6  5  4  2  3
      1    6  1  6  5  7  8  4
      1    4  1  6  5  2  0  0
      1    6  1  6  5  2  4  8
      2    4  5  3  2  8  0  0
      1    4  1  6  7  8  0  0
      1    6  1  6  7  8  5  4
      1    4  1  6  7  4  0  0
      1    6  1  6  7  4  5  3
      1    6  1  6  7  4  2  3
      1    5  1  6  7  2  5  0
      1    6  1  6  2  8  4  7
      1    6  1  6  2  8  5  4
      1    4  1  6  2  4  0  0
      1    6  1  6  2  4  3  5
      1    5  1  6  2  4  5  0
      1    6  1  6  2  4  5  3
      2    6  5  7  8  1  4  6
      1    4  1  6  2  3  0  0
      1    4  1  6  2  5  0  0
      1    6  1  3  8  4  5  2
      1    4  1  3  8  5  0  0
      1    6  1  3  8  5  4  6
      1    4  1  3  8  7  0  0
      2    4  5  7  4  1  0  0
      2    4  5  7  4  8  0  0
      1    6  1  3  8  7  2  4
      1    6  1  3  8  7  2  5
      1    4  1  3  8  2  0  0
      1    6  1  3  8  2  5  7
      1    6  1  3  4  8  6  5
      1    4  1  3  4  6  0  0
      1    5  1  3  4  6  2  0
      1    5  1  3  4  5  2  0
      2    4  5  7  2  3  0  0
      1    6  1  3  4  2  8  6
      1    6  1  3  4  2  6  5
      1    3  1  3  6  0  0  0
      2    6  5  2  1  4  3  6
      1    4  1  3  6  8  0  0
      2    4  5  2  1  3  0  0
      1    6  1  3  6  8  4  5
      1    6  1  3  6  4  5  7
      2    4  5  2  1  7  0  0
      1    6  1  3  6  4  5  2
      1    6  1  3  6  7  2  4
      1    4  1  3  5  8  0  0
      2    4  5  2  4  6  0  0
      1    6  1  3  5  8  4  2
      2    4  5  2  4  3  0  0
      1    5  1  3  5  4  2  0
      1    6  1  3  5  4  2  7
      2    3  5  2  6  0  0  0
      1    6  1  3  5  6  8  4
      1    6  1  3  5  7  2  6
      1    5  1  3  5  2  4  0
      1    6  1  3  7  2  8  5
      1    4  1  3  2  8  0  0
      2    4  5  2  3  6  0  0
      1    6  1  3  2  8  4  7
      1    6  1  3  2  8  6  4
      1    6  1  3  2  8  6  7
      1    6  1  3  2  4  8  6
      1    6  1  3  2  4  8  5
      1    6  1  3  2  4  6  5
      1    6  1  3  2  4  5  8
      2    4  7  1  8  3  0  0
      1    6  1  3  2  4  5  6
      1    4  1  3  2  6  0  0
      2    4  7  1  8  5  0  0
      2    6  7  1  8  2  5  3
      1    6  1  3  2  5  8  7
      1    6  1  3  2  5  4  8
      1    6  1  3  2  5  6  4
      1    5  1  3  2  5  7  0
      1    6  1  3  2  7  5  4
      1    6  1  5  8  4  6  3
      1    6  1  5  8  4  6  7
      1    5  1  5  8  4  7  0
      1    6  1  5  8  4  7  3
      2    4  7  1  5  8  0  0
      2    4  7  1  5  6  0  0
      1    6  1  5  8  7  4  3
      1    6  1  5  8  7  2  4
      2    3  7  1  2  0  0  0
      1    4  1  5  8  2  0  0
      1    6  1  5  8  2  4  7
      1    6  1  5  4  8  6  3
      2    6  7  1  2  5  8  4
      1    6  1  5  4  8  6  7
      1    6  1  5  4  8  7  6
      1    6  1  5  4  8  7  3
      1    6  1  5  4  6  7  8
      2    6  7  8  1  5  4  6
      1    5  1  5  4  6  2  0
      1    6  1  5  4  3  6  2
      1    6  1  5  4  3  2  8
      1    6  1  5  4  7  8  2
      1    5  1  5  4  7  6  0
      1    6  1  5  4  7  3  6
      1    6  1  5  4  2  6  8
      1    6  1  5  4  2  6  3
      1    6  1  5  6  8  4  3
      1    5  1  5  6  8  2  0
      1    4  1  5  6  4  0  0
      1    6  1  5  6  4  8  7
      1    6  1  5  6  4  8  2
      1    6  1  5  6  4  7  8
      2    3  7  8  2  0  0  0
      1    6  1  5  6  4  2  8
      2    4  7  8  2  1  0  0
      1    6  1  5  6  7  8  4
      1    4  1  5  6  2  0  0
      1    4  1  5  3  8  0  0
      1    6  1  5  3  4  6  8
      1    5  1  5  3  4  7  0
      1    6  1  5  3  4  7  2
      1    6  1  5  3  4  2  7
      2    4  7  4  8  2  0  0
      1    6  1  5  3  6  2  8
      1    6  1  5  3  2  4  6
      2    3  7  4  5  0  0  0
      1    5  1  5  7  8  4  0
      1    6  1  5  7  8  4  6
      1    6  1  5  7  8  4  3
      1    6  1  5  7  8  3  2
      1    6  1  5  7  4  8  6
      1    5  1  5  7  4  6  0
      1    6  1  5  7  4  6  8
      1    4  1  5  7  2  0  0
      1    6  1  5  7  2  8  3
      1    5  1  5  7  2  3  0
      2    3  7  3  2  0  0  0
      1    6  1  5  2  4  8  3
      2    4  7  3  2  8  0  0
      1    6  1  5  2  4  3  8
      1    5  1  5  2  6  4  0
      1    5  1  5  2  6  3  0
      1    4  1  5  2  3  0  0
      1    6  1  5  2  3  4  8
      2    4  7  5  1  4  0  0
      1    6  1  7  8  4  6  3
      1    6  1  7  8  4  6  5
      1    6  1  7  8  4  3  5
      1    6  1  7  8  4  3  2
      1    6  1  7  8  4  2  5
      1    4  1  7  8  6  0  0
      1    6  1  7  8  6  2  5
      1    4  1  7  8  3  0  0
      1    5  1  7  8  3  5  0
      1    6  1  7  8  3  2  5
      1    6  1  7  8  5  4  6
      1    6  1  7  8  5  4  3
      1    4  1  7  8  2  0  0
      2    3  7  2  4  0  0  0
      1    6  1  7  8  2  4  3
      1    6  1  7  8  2  3  5
      1    6  1  7  8  2  5  4
      1    6  1  7  8  2  5  3
      2    3  7  2  3  0  0  0
      1    5  1  7  4  8  5  0
      1    4  1  7  4  6  0  0
      1    6  1  7  4  3  2  8
      1    6  1  7  4  2  5  3
      1    3  1  7  6  0  0  0
      1    6  1  7  6  8  4  5
      1    4  1  7  6  4  0  0
      1    5  1  7  3  5  8  0
      1    6  1  7  3  5  2  8
      1    6  1  7  3  2  5  8
      2    4  2  1  8  6  0  0
      1    6  1  7  3  2  5  4
      2    4  2  1  8  3  0  0
      2    4  2  1  8  7  0  0
      1    6  1  7  5  8  4  3
      1    6  1  7  5  8  3  6
      1    6  1  7  5  4  2  3
      1    6  1  7  5  6  2  4
      2    6  2  1  4  6  3  8
      1    6  1  7  5  3  2  4
      1    4  1  7  5  2  0  0
      2    4  2  1  4  3  0  0
      1    6  1  7  5  2  8  3
      1    6  1  7  5  2  4  8
      1    6  1  7  5  2  3  8
      1    6  1  7  5  2  3  6
      1    4  1  7  2  8  0  0
      2    3  2  1  6  0  0  0
      1    6  1  7  2  8  4  3
      1    6  1  7  2  4  8  5
      1    6  1  7  2  4  5  3
      1    4  1  7  2  6  0  0
      1    4  1  7  2  3  0  0
      1    6  1  7  2  3  8  4
      1    6  1  7  2  3  8  5
      1    6  1  7  2  3  5  4
      1    6  1  7  2  3  5  6
      1    6  1  7  2  5  8  4
      2    4  2  1  3  6  0  0
      1    6  1  7  2  5  3  4
      2    4  2  1  3  5  0  0
      1    6  1  2  8  4  5  3
      1    4  1  2  8  6  0  0
      1    6  1  2  8  3  5  7
      1    4  1  2  8  7  0  0
      1    6  1  2  8  7  4  3
      1    6  1  2  4  6  8  3
      1    4  1  2  4  3  0  0
      1    4  1  2  4  5  0  0
      1    6  1  2  4  5  6  8
      2    4  2  1  7  3  0  0
      1    6  1  2  4  5  3  6
      1    4  1  2  6  4  0  0
      1    6  1  2  6  3  8  5
      1    4  1  2  6  7  0  0
      1    6  1  2  3  8  4  7
      1    6  1  2  3  8  5  6
      1    5  1  2  3  4  8  0
      1    6  1  2  3  4  8  5
      1    5  1  2  3  4  6  0
      1    6  1  2  3  4  6  5
      1    5  1  2  3  4  5  0
      1    4  1  2  3  6  0  0
      1    6  1  2  3  6  8  4
      1    6  1  2  3  6  4  8
      1    6  1  2  3  5  4  8
      1    6  1  2  3  5  7  4
      1    6  1  2  3  5  7  6
      1    6  1  2  3  7  5  4
      2    4  2  4  1  7  0  0
      1    4  1  2  5  4  0  0
      2    3  2  4  8  0  0  0
      1    5  1  2  5  4  3  0
      1    6  1  2  5  4  3  6
      1    6  1  2  5  6  4  8
      1    6  1  2  5  3  4  8
      1    5  1  2  5  3  6  0
      1    6  1  2  5  3  6  4
      1    6  1  2  5  3  7  4
      2    4  2  4  6  3  0  0
      1    6  1  2  5  7  4  8
      1    6  1  2  7  8  4  3
      1    6  1  2  7  4  8  6
      1    5  1  2  7  4  5  0
      2    4  2  4  3  6  0  0
      1    4  1  2  7  3  0  0
      1    6  1  2  7  3  4  8
      1    6  1  2  7  5  3  4
      1    3  8  1  4  0  0  0
      1    6  8  1  4  6  5  3
      2    4  2  4  5  7  0  0
      1    5  8  1  4  3  5  0
      1    6  8  1  4  3  5  7
      1    6  8  1  4  3  2  5
      1    6  8  1  4  5  7  6
      1    6  8  1  4  5  2  3
      1    4  8  1  4  7  0  0
      1    6  8  1  4  7  2  5
      1    6  8  1  6  4  5  7
      1    6  8  1  3  4  5  2
      1    4  8  1  3  6  0  0
      1    4  8  1  3  7  0  0
      1    4  8  1  3  2  0  0
      2    4  2  6  4  5  0  0
      1    6  8  1  3  2  5  7
      2    4  2  6  3  4  0  0
      1    4  8  1  5  6  0  0
      1    6  8  1  5  6  4  7
      1    6  8  1  5  3  4  2
      1    4  8  1  5  7  0  0
      1    5  8  1  5  7  4  0
      1    6  8  1  5  7  3  4
      1    6  8  1  7  4  3  5
      1    6  8  1  7  3  2  5
      2    6  2  3  1  8  4  7
      1    4  8  1  7  5  0  0
      2    6  2  3  1  8  6  4
      1    6  8  1  7  5  4  3
      1    6  8  1  7  5  3  2
      1    6  8  1  7  5  2  4
      1    5  8  1  7  2  3  0
      2    6  2  3  1  4  8  6
      1    6  8  1  7  2  3  4
      1    5  8  1  7  2  5  0
      1    4  8  1  2  4  0  0
      2    6  2  3  1  4  6  5
      1    6  8  1  2  3  7  4
      1    3  8  4  6  0  0  0
      1    3  8  4  3  0  0  0
      1    6  8  4  3  1  2  7
      2    6  2  3  1  4  5  7
      1    6  8  4  3  7  2  1
      1    3  8  4  5  0  0  0
      2    4  2  3  1  6  0  0
      1    4  8  4  5  7  0  0
      1    6  8  4  5  2  3  1
      2    6  2  3  1  6  4  8
      1    3  8  4  7  0  0  0
      1    5  8  4  7  2  3  0
      1    4  8  4  2  3  0  0
      1    2  8  6  0  0  0  0
      1    3  8  6  1  0  0  0
      1    6  8  6  1  5  2  7
      1    3  8  6  4  0  0  0
      1    3  8  3  5  0  0  0
      1    4  8  3  2  1  0  0
      1    6  8  3  2  1  6  4
      1    4  8  3  2  5  0  0
      1    6  8  3  2  5  4  7
      1    4  8  3  2  7  0  0
      1    6  8  5  1  4  3  6
      1    5  8  5  1  4  7  0
      1    6  8  5  1  6  3  2
      2    6  2  3  8  4  5  7
      2    6  2  3  8  4  7  5
      1    5  8  5  4  7  1  0
      1    4  8  5  4  2  0  0
      2    4  2  3  8  7  0  0
      1    4  8  5  3  2  0  0
      2    5  2  3  8  7  1  0
      1    5  8  5  3  2  4  0
      1    6  8  5  3  2  4  1
      1    6  8  5  3  2  7  4
      1    4  8  5  7  1  0  0
      1    5  8  5  7  1  4  0
      1    6  8  5  7  4  1  3
      1    6  8  5  7  3  1  4
      1    3  8  5  2  0  0  0
      1    3  8  7  1  0  0  0
      1    4  8  7  1  4  0  0
      1    6  8  7  1  4  5  3
      2    6  2  3  4  1  5  8
      1    4  8  7  1  3  0  0
      1    6  8  7  1  3  2  4
      2    6  2  3  4  1  5  7
      1    6  8  7  1  3  2  5
      2    4  2  3  4  8  0  0
      1    5  8  7  1  5  4  0
      2    6  2  3  4  8  1  5
      1    6  8  7  1  5  4  2
      1    6  8  7  1  2  5  3
      1    3  8  7  4  0  0  0
      1    4  8  7  4  1  0  0
      1    6  8  7  4  3  2  5
      1    4  8  7  3  2  0  0
      2    6  2  3  4  6  1  5
      1    6  8  7  3  2  1  4
      1    4  8  7  5  1  0  0
      2    5  2  3  4  6  5  0
      1    6  8  7  5  1  4  3
      1    6  8  7  5  4  1  6
      1    3  8  7  2  0  0  0
      1    5  8  7  2  3  5  0
      1    6  8  7  2  5  6  4
      2    6  2  3  4  5  8  1
      1    3  8  2  1  0  0  0
      1    3  8  2  4  0  0  0
      1    5  8  2  3  4  5  0
      1    4  8  2  3  5  0  0
      2    6  2  3  4  5  7  8
      2    6  2  3  4  5  7  6
      1    6  8  2  5  1  6  4
      1    4  8  2  5  3  0  0
      1    5  8  2  7  1  5  0
      2    6  2  3  4  7  5  8
      1    6  8  2  7  5  4  1
      1    6  4  1  8  6  5  7
      1    6  4  1  8  3  6  5
      1    6  4  1  8  3  5  7
      1    4  4  1  8  5  0  0
      1    5  4  1  8  5  7  0
      1    6  4  1  8  5  2  6
      1    6  4  1  8  5  2  3
      1    4  4  1  8  7  0  0
      1    6  4  1  8  7  6  5
      2    6  2  3  6  4  5  7
      1    4  4  1  8  2  0  0
      1    4  4  1  6  8  0  0
      1    6  4  1  6  8  3  2
      2    6  2  3  5  1  8  4
      1    5  4  1  6  3  5  0
      1    6  4  1  6  3  5  7
      1    6  4  1  6  3  2  5
      2    4  2  3  5  8  0  0
      1    5  4  1  6  5  7  0
      1    6  4  1  6  5  2  3
      1    4  4  1  6  7  0  0
      1    6  4  1  6  2  5  7
      2    6  2  3  5  4  6  1
      1    4  4  1  3  8  0  0
      1    6  4  1  3  5  8  6
      2    6  2  3  5  4  7  1
      1    6  4  1  3  5  7  2
      1    6  4  1  3  5  2  8
      1    6  4  1  3  7  2  5
      1    6  4  1  3  2  6  7
      1    6  4  1  3  2  5  8
      2    4  2  3  5  7  0  0
      1    6  4  1  3  2  5  7
      1    6  4  1  3  2  7  5
      2    4  2  3  7  1  0  0
      1    6  4  1  5  8  6  7
      1    6  4  1  5  8  7  2
      2    6  2  3  7  1  5  8
      1    6  4  1  5  6  8  7
      1    6  4  1  5  6  8  2
      2    6  2  3  7  8  1  4
      1    6  4  1  5  6  3  2
      1    6  4  1  5  6  7  2
      1    6  4  1  5  6  2  8
      1    6  4  1  5  6  2  3
      1    6  4  1  5  3  6  2
      2    5  2  3  7  4  6  0
      1    6  4  1  5  3  7  2
      1    6  4  1  5  3  2  6
      1    5  4  1  5  7  8  0
      1    6  4  1  5  7  8  6
      1    6  4  1  5  7  6  8
      1    6  4  1  5  7  3  2
      1    6  4  1  5  2  3  8
      1    5  4  1  5  2  7  0
      1    4  4  1  7  8  0  0
      1    6  4  1  7  3  6  2
      1    5  4  1  7  2  8  0
      1    6  4  1  7  2  5  3
      1    6  4  1  2  8  6  3
      1    6  4  1  2  8  3  6
      2    4  2  5  3  4  0  0
      1    4  4  1  2  6  0  0
      1    5  4  1  2  6  3  0
      1    6  4  1  2  6  7  8
      1    6  4  1  2  3  8  5
      2    3  2  5  7  0  0  0
      1    6  4  1  2  3  6  8
      1    6  4  1  2  3  6  5
      1    6  4  1  2  3  5  8
      2    4  2  5  7  3  0  0
      1    5  4  1  2  5  3  0
      1    6  4  1  2  5  3  8
      1    4  4  8  1  6  0  0
      1    6  4  8  1  6  5  3
      1    5  4  8  1  6  7  0
      2    4  2  7  1  3  0  0
      1    6  4  8  1  5  3  6
      1    6  4  8  1  7  5  6
      1    6  4  8  6  2  3  1
      2    4  2  7  8  3  0  0
      1    6  4  8  3  1  7  6
      1    4  4  8  3  7  0  0
      1    5  4  8  3  7  5  0
      1    4  4  8  3  2  0  0
      2    3  2  7  4  0  0  0
      1    6  4  8  5  1  3  7
      1    5  4  8  5  1  7  0
      1    5  4  8  5  1  2  0
      1    4  4  8  5  3  0  0
      1    4  4  8  7  5  0  0
      1    6  4  8  7  5  2  1
      1    3  4  8  2  0  0  0
      1    4  4  6  1  8  0  0
      1    6  4  6  1  3  5  2
      1    6  4  6  1  3  2  8
      2    4  2  7  5  3  0  0
      1    5  4  6  1  5  8  0
      1    6  4  6  1  5  8  3
      1    5  4  6  1  5  2  0
      1    4  4  6  1  7  0  0
      1    6  4  6  1  7  2  8
      1    6  4  6  1  2  3  5
      1    4  4  6  8  5  0  0
      1    6  4  6  8  7  5  1
      1    4  4  6  3  1  0  0
      1    6  4  6  3  1  8  2
      1    6  4  6  3  1  2  5
      1    4  4  6  3  5  0  0
      1    5  4  6  3  5  2  0
      1    6  4  6  3  5  2  1
      1    6  4  6  3  2  1  8
      1    6  4  6  3  2  1  5
      1    6  4  6  5  1  8  2
      1    6  4  6  5  1  3  2
      1    6  4  6  5  1  7  8
      1    6  4  6  5  1  2  3
      1    6  4  6  5  8  1  2
      1    5  4  6  5  3  2  0
      1    6  4  6  5  3  2  1
      1    6  4  6  5  3  2  7
      1    4  4  6  5  7  0  0
      1    5  4  6  5  2  1  0
      1    6  4  6  5  2  1  7
      1    6  4  6  5  2  8  3
      1    6  4  6  5  2  3  7
      1    6  4  6  5  2  7  3
      1    3  4  6  7  0  0  0
      1    5  4  6  2  3  5  0
      1    6  4  6  2  3  5  7
      1    4  4  6  2  5  0  0
      1    6  4  6  2  5  1  3
      1    6  4  6  2  5  3  7
      1    4  4  6  2  7  0  0
      1    6  4  3  1  5  2  7
      1    6  4  3  1  7  2  8
      1    6  4  3  1  2  5  8
      1    6  4  3  1  2  5  6
      1    5  4  3  8  7  2  0
      1    5  4  3  6  5  2  0
      1    6  4  3  6  5  2  7
      1    5  4  3  5  1  8  0
      1    6  4  3  5  1  6  2
      1    4  4  3  5  7  0  0
      1    6  4  3  5  2  1  6
      1    6  4  3  5  2  6  1
      1    6  4  3  7  8  6  1
      1    6  4  3  7  8  2  5
      1    4  4  3  7  2  0  0
      1    5  4  3  2  1  6  0
      1    6  4  3  2  1  6  5
      1    6  4  3  2  1  5  8
      1    6  4  3  2  1  5  6
      1    5  4  3  2  5  8  0
      1    6  4  3  2  5  8  1
      1    6  4  3  2  5  6  8
      1    6  4  3  2  5  6  7
      1    6  4  5  1  8  7  3
      1    6  4  5  1  8  7  2
      1    6  4  5  1  6  3  2
      1    6  4  5  1  6  2  3
      1    6  4  5  1  3  2  7
      1    6  4  5  1  7  8  3
      1    6  4  5  1  7  3  2
      1    6  4  5  8  1  6  3
      1    6  4  5  8  1  7  3
      1    5  4  5  8  3  2  0
      1    6  4  5  8  7  3  2
      1    6  4  5  8  2  3  1
      1    6  4  5  6  1  8  2
      1    6  4  5  6  8  7  2
      1    6  4  5  6  8  2  3
      1    4  4  5  6  7  0  0
      1    4  4  5  6  2  0  0
      1    6  4  5  3  8  2  7
      1    5  4  5  3  6  2  0
      1    6  4  5  3  6  2  1
      1    6  4  5  3  2  8  1
      1    6  4  5  3  2  8  7
      1    5  4  5  3  2  7  0
      1    6  4  5  3  2  7  8
      1    5  4  5  7  1  8  0
      1    6  4  5  7  8  2  1
      1    5  4  5  7  3  2  0
      1    6  4  5  7  2  3  1
      1    5  4  5  2  1  6  0
      1    5  4  5  2  1  3  0
      1    6  4  5  2  1  3  8
      1    4  4  5  2  8  0  0
      1    6  4  5  2  8  3  1
      1    5  4  5  2  8  7  0
      1    6  4  5  2  8  7  1
      1    4  4  5  2  6  0  0
      1    5  4  5  2  6  1  0
      1    5  4  5  2  3  6  0
      1    6  4  5  2  3  6  7
      1    6  4  5  2  3  7  1
      1    6  4  5  2  3  7  8
      1    6  4  5  2  3  7  6
      1    4  4  5  2  7  0  0
      1    3  4  7  1  0  0  0
      1    6  4  7  1  8  5  2
      1    4  4  7  1  6  0  0
      1    4  4  7  1  5  0  0
      1    6  4  7  8  1  6  5
      1    4  4  7  8  2  0  0
      1    3  4  7  6  0  0  0
      1    4  4  7  6  8  0  0
      1    3  4  7  3  0  0  0
      1    6  4  7  3  8  2  5
      1    6  4  7  3  5  2  8
      1    4  4  7  5  1  0  0
      1    5  4  7  5  1  8  0
      1    4  4  7  5  8  0  0
      1    5  4  7  5  8  1  0
      1    6  4  7  5  8  6  1
      1    4  4  7  5  6  0  0
      1    6  4  7  5  2  3  8
      1    3  4  7  2  0  0  0
      1    4  4  7  2  3  0  0
      1    4  4  2  1  8  0  0
      1    6  4  2  1  3  7  5
      1    6  4  2  1  5  3  8
      1    4  4  2  1  7  0  0
      1    3  4  2  8  0  0  0
      1    6  4  2  8  1  3  5
      1    6  4  2  6  1  3  5
      1    4  4  2  6  3  0  0
      1    6  4  2  6  3  1  5
      1    6  4  2  6  3  5  1
      1    5  4  2  6  5  3  0
      1    4  4  2  3  1  0  0
      1    6  4  2  3  1  6  5
      1    6  4  2  3  1  5  6
      1    6  4  2  3  8  1  5
      1    5  4  2  3  6  1  0
      1    6  4  2  3  6  1  5
      1    5  4  2  3  6  5  0
      1    6  4  2  3  6  5  1
      1    5  4  2  3  5  6  0
      1    6  4  2  3  5  6  1
      1    6  4  2  3  5  6  7
      1    4  4  2  3  7  0  0
      1    6  4  2  5  1  3  8
      1    6  4  2  5  3  1  7
      1    5  4  2  5  3  6  0
      1    6  4  2  5  3  6  1
      1    6  4  2  7  1  6  5
      1    5  4  2  7  1  3  0
      1    6  4  2  7  1  5  8
      1    4  4  2  7  8  0  0
      1    4  4  2  7  3  0  0
      1    6  6  1  8  4  3  5
      1    6  6  1  8  4  7  5
      1    4  6  1  4  3  0  0
      1    5  6  1  4  5  8  0
      1    6  6  1  4  5  2  8
      1    5  6  1  4  7  5  0
      1    4  6  1  4  2  0  0
      1    6  6  1  4  2  8  5
      1    6  6  1  4  2  3  5
      1    3  6  1  3  0  0  0
      1    4  6  1  3  4  0  0
      1    4  6  1  3  5  0  0
      1    4  6  1  3  2  0  0
      1    6  6  1  3  2  4  7
      1    6  6  1  3  2  5  4
      1    6  6  1  3  2  7  8
      1    6  6  1  5  4  8  3
      1    6  6  1  5  4  7  8
      1    3  6  1  7  0  0  0
      1    6  6  1  7  8  4  5
      1    4  6  1  2  8  0  0
      1    6  6  1  2  4  5  3
      1    4  6  1  2  3  0  0
      1    4  6  1  2  5  0  0
      1    6  6  8  1  4  7  3
      1    4  6  8  1  5  0  0
      1    6  6  8  1  5  2  4
      1    3  6  8  4  0  0  0
      1    6  6  8  4  3  7  5
      1    6  6  8  3  1  4  7
      1    6  6  8  5  7  2  4
      1    4  6  8  7  1  0  0
      1    4  6  4  1  8  0  0
      1    6  6  4  1  8  3  2
      1    6  6  4  1  8  5  2
      1    6  6  4  1  8  2  3
      1    4  6  4  1  3  0  0
      1    6  6  4  1  3  5  2
      1    6  6  4  1  3  2  8
      1    5  6  4  1  5  8  0
      1    6  6  4  1  5  8  2
      1    6  6  4  1  5  7  3
      1    4  6  4  1  7  0  0
      1    4  6  4  1  2  0  0
      1    5  6  4  1  2  3  0
      1    6  6  4  1  2  5  7
      1    6  6  4  8  5  3  2
      1    4  6  4  8  7  0  0
      1    4  6  4  8  2  0  0
      1    6  6  4  3  1  5  8
      1    4  6  4  3  5  0  0
      1    5  6  4  3  5  2  0
      1    6  6  4  3  5  2  1
      1    6  6  4  3  5  2  8
      1    6  6  4  3  5  2  7
      1    4  6  4  3  7  0  0
      1    4  6  4  3  2  0  0
      1    6  6  4  3  2  1  5
      1    6  6  4  3  2  5  8
      1    6  6  4  3  2  5  7
      1    6  6  4  3  2  7  5
      1    6  6  4  5  1  8  7
      1    5  6  4  5  1  2  0
      1    6  6  4  5  3  2  1
      1    6  6  4  5  7  8  1
      1    6  6  4  5  2  3  8
      1    3  6  4  7  0  0  0
      1    4  6  4  7  5  0  0
      1    6  6  4  2  3  1  7
      1    6  6  4  2  3  5  8
      1    6  6  4  2  3  5  7
      1    6  6  4  2  3  7  5
      1    5  6  4  2  5  1  0
      1    5  6  4  2  5  8  0
      1    6  6  4  2  5  3  1
      1    4  6  3  1  4  0  0
      1    6  6  3  1  4  2  5
      1    4  6  3  1  2  0  0
      1    4  6  3  4  1  0  0
      1    6  6  3  4  1  8  5
      1    5  6  3  4  5  1  0
      1    6  6  3  4  2  8  5
      1    6  6  3  5  4  2  1
      1    6  6  3  5  4  2  8
      1    6  6  3  7  8  4  5
      1    6  6  3  7  5  2  4
      1    4  6  3  2  1  0  0
      1    4  6  3  2  4  0  0
      1    5  6  3  2  4  1  0
      1    6  6  3  2  4  5  8
      1    6  6  3  2  4  7  5
      1    4  6  3  2  5  0  0
      1    5  6  3  2  5  1  0
      1    6  6  3  2  5  4  8
      1    3  6  5  1  0  0  0
      1    6  6  5  1  4  2  3
      1    4  6  5  1  2  0  0
      1    6  6  5  1  2  3  4
      1    6  6  5  1  2  7  3
      1    6  6  5  8  4  3  2
      1    6  6  5  8  4  7  1
      1    4  6  5  4  1  0  0
      1    6  6  5  4  1  2  3
      1    6  6  5  4  3  1  2
      1    6  6  5  4  3  8  2
      1    4  6  5  4  7  0  0
      1    6  6  5  4  7  8  1
      1    6  6  5  4  2  1  8
      1    6  6  5  4  2  3  8
      1    3  6  5  3  0  0  0
      1    4  6  5  3  2  0  0
      1    3  6  5  7  0  0  0
      1    4  6  5  7  1  0  0
      1    5  6  5  7  4  8  0
      1    3  6  5  2  0  0  0
      1    4  6  5  2  4  0  0
      1    5  6  5  2  3  4  0
      1    6  6  5  2  7  3  4
      1    3  6  7  8  0  0  0
      1    6  6  7  8  4  5  3
      1    3  6  7  4  0  0  0
      1    6  6  7  5  4  3  2
      1    6  6  7  5  3  4  8
      1    4  6  7  2  8  0  0
      1    3  6  2  1  0  0  0
      1    6  6  2  4  1  3  5
      1    6  6  2  4  3  5  7
      1    4  6  2  4  5  0  0
      1    4  6  2  3  1  0  0
      1    6  6  2  3  4  5  8
      1    6  6  2  3  5  8  1
      1    3  6  2  7  0  0  0
      1    6  3  1  8  4  5  7
      1    6  3  1  8  4  5  2
      1    6  3  1  8  7  2  5
      1    6  3  1  8  2  7  4
      1    5  3  1  4  8  6  0
      1    6  3  1  4  8  6  5
      1    6  3  1  4  5  2  8
      1    5  3  1  4  7  2  0
      1    6  3  1  4  7  2  5
      1    5  3  1  4  2  8  0
      1    6  3  1  4  2  5  8
      1    6  3  1  4  2  7  8
      1    6  3  1  6  2  4  8
      1    4  3  1  5  4  0  0
      1    4  3  1  7  4  0  0
      1    6  3  1  2  4  8  5
      1    6  3  1  2  4  6  5
      1    5  3  1  2  4  5  0
      1    6  3  1  2  4  5  6
      1    6  3  1  2  4  7  6
      1    4  3  1  2  6  0  0
      1    4  3  1  2  7  0  0
      1    5  3  1  2  7  8  0
      1    4  3  8  1  4  0  0
      1    3  3  8  4  0  0  0
      1    3  3  8  5  0  0  0
      1    6  3  8  5  1  4  2
      1    6  3  8  5  7  2  1
      1    6  3  8  7  2  5  1
      1    6  3  8  2  1  4  6
      1    6  3  8  2  1  4  7
      1    6  3  8  2  1  6  7
      1    4  3  8  2  4  0  0
      1    6  3  8  2  7  4  5
      1    5  3  4  1  8  2  0
      1    6  3  4  1  5  7  2
      1    6  3  4  1  2  7  6
      1    3  3  4  8  0  0  0
      1    6  3  4  8  6  1  2
      1    4  3  4  8  5  0  0
      1    4  3  4  8  2  0  0
      1    4  3  4  6  1  0  0
      1    6  3  4  6  1  8  5
      1    4  3  4  6  8  0  0
      1    4  3  4  5  1  0  0
      1    6  3  4  5  1  6  8
      1    4  3  4  5  6  0  0
      1    5  3  4  5  2  1  0
      1    6  3  4  2  1  6  5
      1    5  3  4  2  1  5  0
      1    6  3  4  2  8  5  1
      1    6  3  4  2  6  8  5
      1    5  3  4  2  6  5  0
      1    6  3  4  2  6  5  7
      1    6  3  4  2  5  8  6
      1    5  3  4  2  5  6  0
      1    6  3  4  2  5  7  8
      1    4  3  4  2  7  0  0
      1    6  3  4  2  7  6  5
      1    5  3  4  2  7  5  0
      1    4  3  6  1  4  0  0
      1    4  3  6  1  2  0  0
      1    4  3  6  4  5  0  0
      1    6  3  6  4  5  2  1
      1    6  3  6  4  2  1  5
      1    5  3  6  7  2  4  0
      1    6  3  6  2  1  5  4
      1    6  3  6  2  5  4  8
      1    4  3  5  1  4  0  0
      1    5  3  5  1  4  2  0
      1    4  3  5  1  2  0  0
      1    3  3  5  8  0  0  0
      1    6  3  5  8  1  7  2
      1    4  3  5  8  2  0  0
      1    4  3  5  4  8  0  0
      1    5  3  5  4  7  8  0
      1    6  3  5  4  7  8  2
      1    6  3  5  4  2  6  1
      1    3  3  5  6  0  0  0
      1    4  3  5  6  2  0  0
      1    4  3  5  7  8  0  0
      1    4  3  5  7  2  0  0
      1    6  3  5  7  2  8  1
      1    4  3  5  2  1  0  0
      1    5  3  5  2  1  4  0
      1    6  3  5  2  8  6  1
      1    6  3  5  2  4  8  7
      1    4  3  5  2  7  0  0
      1    6  3  5  2  7  4  8
      1    4  3  7  1  8  0  0
      1    4  3  7  1  4  0  0
      1    6  3  7  1  4  5  8
      1    4  3  7  1  2  0  0
      1    3  3  7  8  0  0  0
      1    5  3  7  8  1  2  0
      1    4  3  7  8  2  0  0
      1    6  3  7  4  1  6  5
      1    4  3  7  6  8  0  0
      1    3  3  7  5  0  0  0
      1    4  3  7  5  4  0  0
      1    6  3  7  2  1  8  4
      1    6  3  7  2  1  5  8
      1    6  3  7  2  8  1  4
      1    5  3  7  2  4  1  0
      1    6  3  7  2  4  1  8
      1    6  3  7  2  4  8  5
      1    6  3  7  2  6  4  8
      1    4  3  7  2  5  0  0
      1    6  3  7  2  5  8  1
      1    6  3  7  2  5  4  8
      1    5  3  2  1  8  4  0
      1    6  3  2  1  8  4  7
      1    6  3  2  1  8  5  4
      1    6  3  2  1  4  8  6
      1    6  3  2  1  4  8  5
      1    5  3  2  1  4  5  0
      1    4  3  2  1  6  0  0
      1    6  3  2  1  6  4  5
      1    6  3  2  1  6  5  7
      1    6  3  2  1  6  7  4
      1    6  3  2  1  5  4  8
      1    6  3  2  1  5  6  4
      1    6  3  2  1  5  7  4
      1    6  3  2  1  7  5  6
      1    6  3  2  8  1  4  6
      1    6  3  2  8  1  4  7
      1    6  3  2  8  1  5  4
      1    4  3  2  8  6  0  0
      1    6  3  2  8  5  1  7
      1    6  3  2  8  5  4  6
      1    6  3  2  8  5  7  1
      1    6  3  2  8  5  7  4
      1    6  3  2  8  7  1  4
      1    6  3  2  8  7  4  1
      1    6  3  2  8  7  5  1
      1    5  3  2  4  1  5  0
      1    6  3  2  4  1  7  5
      1    6  3  2  4  8  6  1
      1    5  3  2  4  8  5  0
      1    6  3  2  4  8  5  7
      1    6  3  2  4  6  1  8
      1    5  3  2  4  6  5  0
      1    6  3  2  4  6  5  8
      1    6  3  2  4  6  5  7
      1    5  3  2  4  5  1  0
      1    6  3  2  4  5  8  1
      1    6  3  2  4  5  8  6
      1    6  3  2  4  5  6  8
      1    6  3  2  4  5  7  1
      1    6  3  2  4  5  7  8
      1    4  3  2  4  7  0  0
      1    6  3  2  4  7  1  6
      1    6  3  2  4  7  8  1
      1    5  3  2  4  7  5  0
      1    6  3  2  6  5  8  7
      1    6  3  2  6  5  7  4
      1    5  3  2  5  1  4  0
      1    6  3  2  5  8  1  6
      1    6  3  2  5  8  4  7
      1    5  3  2  5  8  7  0
      1    6  3  2  5  8  7  4
      1    6  3  2  5  4  1  7
      1    6  3  2  5  4  6  1
      1    6  3  2  5  4  6  8
      1    6  3  2  5  4  6  7
      1    6  3  2  5  4  7  1
      1    6  3  2  5  4  7  6
      1    6  3  2  5  6  7  4
      1    6  3  2  5  7  1  8
      1    5  3  2  5  7  8  0
      1    5  3  2  5  7  4  0
      1    6  3  2  5  7  4  1
      1    6  3  2  5  7  4  8
      1    5  3  2  7  1  4  0
      1    6  3  2  7  1  4  8
      1    5  3  2  7  8  5  0
      1    6  3  2  7  8  5  4
      1    6  3  2  7  8  5  6
      1    6  3  2  7  5  1  8
      1    6  3  2  7  5  4  8
      1    6  3  2  7  5  6  4
      1    6  5  1  8  4  6  7
      1    5  5  1  8  4  7  0
      1    6  5  1  8  4  7  2
      1    6  5  1  8  3  4  2
      1    5  5  1  8  3  2  0
      1    6  5  1  8  7  4  6
      1    6  5  1  8  7  4  3
      1    6  5  1  4  8  6  3
      1    5  5  1  4  8  7  0
      1    6  5  1  4  8  7  3
      1    5  5  1  4  6  8  0
      1    6  5  1  4  6  8  7
      1    6  5  1  4  6  3  2
      1    5  5  1  4  7  8  0
      1    6  5  1  4  7  8  3
      1    6  5  1  4  7  8  2
      1    4  5  1  4  2  0  0
      1    5  5  1  4  2  3  0
      1    6  5  1  4  2  3  6
      1    6  5  1  4  2  7  3
      1    6  5  1  6  4  7  8
      1    3  5  1  3  0  0  0
      1    5  5  1  3  8  2  0
      1    4  5  1  3  7  0  0
      1    5  5  1  3  2  4  0
      1    6  5  1  7  8  4  2
      1    6  5  1  2  4  6  7
      1    6  5  1  2  4  3  8
      1    6  5  1  2  3  7  4
      1    4  5  8  1  4  0  0
      1    6  5  8  1  4  6  3
      1    6  5  8  1  4  7  2
      1    6  5  8  1  3  7  2
      1    6  5  8  1  2  4  7
      1    4  5  8  4  1  0  0
      1    6  5  8  4  1  3  2
      1    5  5  8  4  1  7  0
      1    6  5  8  4  1  2  3
      1    4  5  8  4  7  0  0
      1    5  5  8  4  7  1  0
      1    6  5  8  3  1  7  2
      1    6  5  8  3  4  2  1
      1    4  5  8  3  2  0  0
      1    6  5  8  3  2  4  6
      1    6  5  8  7  1  4  3
      1    4  5  8  7  4  0  0
      1    5  5  8  7  4  2  0
      1    6  5  8  2  3  1  4
      1    6  5  8  2  3  7  4
      1    6  5  4  1  6  8  3
      1    6  5  4  1  6  2  3
      1    5  5  4  1  7  8  0
      1    6  5  4  1  7  8  3
      1    6  5  4  8  1  3  2
      1    6  5  4  8  1  7  3
      1    6  5  4  8  1  7  2
      1    4  5  4  8  6  0  0
      1    5  5  4  8  3  2  0
      1    6  5  4  8  3  2  7
      1    6  5  4  8  7  1  3
      1    6  5  4  8  7  3  2
      1    6  5  4  6  1  7  8
      1    6  5  4  6  3  2  1
      1    6  5  4  6  2  3  1
      1    4  5  4  3  8  0  0
      1    5  5  4  3  7  2  0
      1    6  5  4  3  7  2  6
      1    6  5  4  3  2  6  7
      1    5  5  4  3  2  7  0
      1    6  5  4  3  2  7  6
      1    4  5  4  7  1  0  0
      1    6  5  4  7  1  8  3
      1    4  5  4  7  8  0  0
      1    5  5  4  7  8  1  0
      1    5  5  4  2  1  3  0
      1    6  5  4  2  1  3  6
      1    4  5  4  2  6  0  0
      1    6  5  4  2  3  1  6
      1    4  5  4  2  7  0  0
      1    4  5  6  1  8  0  0
      1    6  5  6  1  2  4  8
      1    6  5  6  4  1  8  3
      1    5  5  6  4  3  2  0
      1    4  5  6  4  2  0  0
      1    4  5  6  2  4  0  0
      1    4  5  3  1  4  0  0
      1    3  5  3  8  0  0  0
      1    6  5  3  4  2  1  6
      1    5  5  3  4  2  8  0
      1    6  5  3  4  2  8  1
      1    6  5  3  4  2  7  1
      1    4  5  3  6  4  0  0
      1    6  5  3  7  2  4  1
      1    6  5  3  2  1  4  7
      1    6  5  3  2  4  8  6
      1    5  5  3  2  4  7  0
      1    4  5  3  2  6  0  0
      1    6  5  3  2  7  4  8
      1    6  5  7  1  8  4  3
      1    4  5  7  8  1  0  0
      1    5  5  7  8  1  4  0
      1    6  5  7  8  1  4  3
      1    6  5  7  8  4  1  3
      1    6  5  7  8  4  1  2
      1    6  5  7  8  4  3  1
      1    6  5  7  8  4  2  3
      1    5  5  7  4  8  1  0
      1    6  5  7  4  8  1  6
      1    6  5  7  4  3  6  8
      1    6  5  7  4  2  6  3
      1    4  5  7  6  4  0  0
      1    6  5  7  3  4  2  8
      1    3  5  7  2  0  0  0
      1    4  5  7  2  1  0  0
      1    6  5  7  2  1  4  3
      1    6  5  7  2  3  4  1
      1    3  5  2  1  0  0  0
      1    4  5  2  1  8  0  0
      1    6  5  2  1  3  6  4
      1    3  5  2  8  0  0  0
      1    6  5  2  4  1  3  8
      1    6  5  2  4  3  8  7
      1    4  5  2  4  7  0  0
      1    4  5  2  6  1  0  0
      1    4  5  2  6  8  0  0
      1    5  5  2  3  8  4  0
      1    5  5  2  3  4  1  0
      1    6  5  2  3  4  1  6
      1    6  5  2  3  4  6  1
      1    6  5  2  3  4  7  8
      1    6  5  2  3  7  8  4
      1    6  5  2  3  7  4  8
      1    4  5  2  7  8  0  0
      1    6  5  2  7  8  4  3
      1    6  7  1  8  4  2  5
      1    4  7  1  8  6  0  0
      1    6  7  1  8  3  5  2
      1    6  7  1  8  3  2  4
      1    6  7  1  8  2  3  4
      1    4  7  1  4  8  0  0
      1    6  7  1  4  8  6  3
      1    6  7  1  4  6  8  5
      1    6  7  1  6  8  4  2
      1    6  7  1  6  5  3  4
      1    3  7  1  3  0  0  0
      1    4  7  1  3  8  0  0
      1    6  7  1  3  4  8  5
      1    4  7  1  3  2  0  0
      1    6  7  1  3  2  4  5
      1    6  7  1  3  2  6  4
      1    4  7  1  5  3  0  0
      1    5  7  1  5  3  4  0
      1    6  7  1  5  2  3  4
      1    6  7  1  2  8  4  3
      1    4  7  1  2  4  0  0
      1    4  7  1  2  3  0  0
      1    6  7  1  2  3  5  8
      1    6  7  8  1  4  6  5
      1    6  7  8  1  3  4  6
      1    6  7  8  1  3  2  5
      1    6  7  8  1  5  4  2
      1    4  7  8  1  2  0  0
      1    6  7  8  1  2  3  5
      1    3  7  8  4  0  0  0
      1    4  7  8  4  1  0  0
      1    6  7  8  4  1  5  6
      1    6  7  8  4  1  2  6
      1    4  7  8  6  1  0  0
      1    3  7  8  3  0  0  0
      1    4  7  8  3  1  0  0
      1    6  7  8  3  1  4  2
      1    6  7  8  3  5  2  1
      1    5  7  8  3  2  4  0
      1    6  7  8  3  2  4  5
      1    4  7  8  5  1  0  0
      1    4  7  8  5  2  0  0
      1    4  7  4  1  3  0  0
      1    6  7  4  1  5  2  8
      1    6  7  4  1  5  2  3
      1    4  7  4  1  2  0  0
      1    4  7  4  8  3  0  0
      1    4  7  4  8  5  0  0
      1    3  7  4  6  0  0  0
      1    3  7  4  3  0  0  0
      1    6  7  4  3  2  5  6
      1    5  7  4  5  1  2  0
      1    6  7  6  1  5  8  4
      1    4  7  6  4  5  0  0
      1    6  7  6  2  3  1  4
      1    4  7  3  1  4  0  0
      1    4  7  3  1  2  0  0
      1    6  7  3  1  2  5  4
      1    3  7  3  8  0  0  0
      1    6  7  3  8  5  2  1
      1    6  7  3  8  5  2  4
      1    6  7  3  8  2  1  4
      1    3  7  3  5  0  0  0
      1    4  7  3  2  6  0  0
      1    6  7  5  1  8  4  3
      1    6  7  5  1  8  4  2
      1    6  7  5  1  8  3  2
      1    6  7  5  1  2  3  8
      1    6  7  5  8  1  4  6
      1    6  7  5  8  4  1  3
      1    6  7  5  8  2  1  4
      1    3  7  5  3  0  0  0
      1    5  7  5  3  6  1  0
      1    6  7  5  3  6  4  8
      1    6  7  5  2  3  8  1
      1    3  7  2  1  0  0  0
      1    6  7  2  1  4  8  3
      1    6  7  2  1  5  8  4
      1    4  7  2  8  1  0  0
      1    5  7  2  8  3  1  0
      1    4  7  2  8  5  0  0
      1    6  7  2  4  1  3  6
      1    4  7  2  4  8  0  0
      1    4  7  2  4  3  0  0
      1    6  7  2  3  1  4  8
      1    6  7  2  3  8  1  4
      1    6  7  2  3  8  4  5
      1    5  7  2  3  8  5  0
      1    5  7  2  3  4  5  0
      1    4  7  2  3  5  0  0
      1    4  7  2  5  1  0  0
      1    4  7  2  5  3  0  0
      1    6  7  2  5  3  8  6
      1    5  7  2  5  3  4  0
      1    6  7  2  5  3  6  4
      1    4  2  1  8  4  0  0
      1    6  2  1  8  4  3  7
      1    6  2  1  8  3  4  5
      1    6  2  1  8  7  4  5
      1    6  2  1  8  7  3  5
      1    4  2  1  4  8  0  0
      1    6  2  1  4  8  6  5
      1    6  2  1  4  8  3  7
      1    6  2  1  4  6  8  3
      1    6  2  1  4  6  3  5
      1    6  2  1  4  6  5  8
      1    4  2  1  4  5  0  0
      1    6  2  1  4  5  8  6
      1    6  2  1  4  5  8  3
      1    6  2  1  4  5  6  3
      1    6  2  1  4  5  3  8
      1    4  2  1  6  4  0  0
      1    4  2  1  6  3  0  0
      1    5  2  1  6  3  5  0
      1    5  2  1  3  4  8  0
      1    6  2  1  3  4  8  6
      1    5  2  1  3  4  6  0
      1    6  2  1  3  4  6  7
      1    6  2  1  3  4  5  8
      1    6  2  1  3  4  5  6
      1    6  2  1  3  6  8  7
      1    6  2  1  3  6  4  5
      1    6  2  1  3  5  8  4
      1    6  2  1  3  5  4  8
      1    5  2  1  3  7  8  0
      1    6  2  1  3  7  8  4
      1    6  2  1  5  4  6  3
      1    4  2  1  5  3  0  0
      1    5  2  1  5  3  4  0
      1    4  2  1  7  8  0  0
      1    6  2  1  7  8  3  4
      1    6  2  1  7  4  3  8
      1    6  2  1  7  3  5  8
      1    4  2  1  7  5  0  0
      1    5  2  1  7  5  3  0
      1    3  2  8  1  0  0  0
      1    4  2  8  1  6  0  0
      1    4  2  8  1  5  0  0
      1    3  2  8  4  0  0  0
      1    4  2  8  4  5  0  0
      1    5  2  8  4  5  7  0
      1    4  2  8  3  7  0  0
      1    4  2  8  5  4  0  0
      1    4  2  8  7  1  0  0
      1    6  2  8  7  5  3  1
      1    4  2  4  1  6  0  0
      1    6  2  4  1  3  8  6
      1    6  2  4  1  3  8  7
      1    6  2  4  1  3  5  8
      1    6  2  4  1  5  8  6
      1    6  2  4  8  1  6  3
      1    4  2  4  8  6  0  0
      1    4  2  4  8  5  0  0
      1    4  2  4  8  7  0  0
      1    4  2  4  6  1  0  0
      1    6  2  4  6  1  5  8
      1    6  2  4  6  3  5  1
      1    4  2  4  6  5  0  0
      1    4  2  4  3  1  0  0
      1    6  2  4  3  1  8  7
      1    5  2  4  3  1  5  0
      1    6  2  4  3  7  1  8
      1    6  2  4  3  7  6  5
      1    5  2  4  5  1  3  0
      1    4  2  4  7  3  0  0
      1    4  2  4  7  5  0  0
      1    3  2  6  1  0  0  0
      1    4  2  6  1  8  0  0
      1    6  2  6  1  5  3  7
      1    3  2  6  8  0  0  0
      1    4  2  6  8  5  0  0
      1    4  2  6  4  3  0  0
      1    5  2  6  4  3  5  0
      1    3  2  6  3  0  0  0
      1    6  2  6  3  1  5  8
      1    6  2  6  3  7  8  1
      1    3  2  6  5  0  0  0
      1    6  2  6  5  7  3  1
      1    5  2  3  1  8  4  0
      1    6  2  3  1  8  4  6
      1    6  2  3  1  8  4  5
      1    5  2  3  1  8  7  0
      1    6  2  3  1  4  8  7
      1    6  2  3  1  4  6  8
      1    6  2  3  1  4  5  8
      1    6  2  3  1  4  5  6
      1    6  2  3  1  4  7  5
      1    6  2  3  1  6  8  4
      1    6  2  3  1  6  4  5
      1    6  2  3  1  5  8  7
      1    5  2  3  1  5  4  0
      1    6  2  3  1  5  4  8
      1    6  2  3  1  5  7  6
      1    5  2  3  1  7  4  0
      1    6  2  3  1  7  4  5
      1    6  2  3  1  7  6  4
      1    5  2  3  1  7  5  0
      1    6  2  3  1  7  5  4
      1    6  2  3  8  1  4  5
      1    6  2  3  8  1  5  7
      1    5  2  3  8  1  7  0
      1    6  2  3  8  1  7  5
      1    5  2  3  8  4  5  0
      1    6  2  3  8  4  7  1
      1    6  2  3  8  7  4  5
      1    5  2  3  8  7  5  0
      1    6  2  3  8  7  5  4
      1    6  2  3  8  7  5  6
      1    5  2  3  4  1  8  0
      1    6  2  3  4  1  8  6
      1    6  2  3  4  1  8  5
      1    6  2  3  4  1  8  7
      1    6  2  3  4  1  6  8
      1    6  2  3  4  1  6  7
      1    5  2  3  4  1  5  0
      1    6  2  3  4  1  5  6
      1    6  2  3  4  8  6  1
      1    5  2  3  4  8  5  0
      1    6  2  3  4  8  5  7
      1    6  2  3  4  6  1  8
      1    6  2  3  4  6  1  7
      1    6  2  3  4  6  8  5
      1    6  2  3  4  6  5  1
      1    6  2  3  4  6  5  8
      1    6  2  3  4  6  5  7
      1    6  2  3  4  5  8  7
      1    5  2  3  4  5  6  0
      1    6  2  3  4  5  6  1
      1    5  2  3  4  7  8  0
      1    6  2  3  4  7  8  1
      1    4  2  3  6  1  0  0
      1    6  2  3  6  1  4  5
      1    5  2  3  6  1  5  0
      1    6  2  3  6  8  1  4
      1    5  2  3  6  4  1  0
      1    6  2  3  6  4  1  8
      1    6  2  3  6  4  1  5
      1    6  2  3  6  4  5  1
      1    6  2  3  6  4  5  8
      1    6  2  3  6  4  7  5
      1    6  2  3  6  5  7  4
      1    5  2  3  5  1  4  0
      1    6  2  3  5  1  4  8
      1    6  2  3  5  1  7  6
      1    6  2  3  5  8  1  4
      1    6  2  3  5  8  4  1
      1    5  2  3  5  4  8  0
      1    6  2  3  5  4  8  7
      1    6  2  3  5  4  6  7
      1    5  2  3  5  4  7  0
      1    6  2  3  5  4  7  8
      1    6  2  3  5  4  7  6
      1    5  2  3  5  6  4  0
      1    6  2  3  5  6  4  1
      1    6  2  3  5  6  4  8
      1    6  2  3  5  7  8  4
      1    6  2  3  7  1  8  5
      1    6  2  3  7  1  4  8
      1    6  2  3  7  1  4  6
      1    5  2  3  7  8  4  0
      1    6  2  3  7  8  4  1
      1    4  2  3  7  4  0  0
      1    6  2  3  7  6  5  8
      1    5  2  3  7  5  4  0
      1    6  2  3  7  5  6  4
      1    4  2  5  1  4  0  0
      1    4  2  5  1  3  0  0
      1    6  2  5  1  3  6  4
      1    6  2  5  1  7  4  6
      1    3  2  5  8  0  0  0
      1    6  2  5  8  7  4  6
      1    4  2  5  4  1  0  0
      1    6  2  5  4  7  3  6
      1    3  2  5  6  0  0  0
      1    6  2  5  6  8  1  4
      1    6  2  5  3  8  1  4
      1    5  2  5  3  4  1  0
      1    6  2  5  3  4  8  1
      1    5  2  5  3  4  6  0
      1    6  2  5  3  6  4  8
      1    5  2  5  7  8  4  0
      1    5  2  5  7  8  3  0
      1    6  2  5  7  6  4  8
      1    5  2  5  7  3  8  0
      1    6  2  5  7  3  4  1
      1    4  2  7  1  8  0  0
      1    6  2  7  1  4  8  3
      1    5  2  7  1  4  6  0
      1    4  2  7  8  1  0  0
      1    6  2  7  8  1  3  4
      1    6  2  7  8  3  6  5
      1    6  2  7  8  3  5  4
      1    5  2  7  8  5  4  0
      1    6  2  7  4  1  5  8
      1    6  2  7  4  3  5  6
      1    4  2  7  3  1  0  0
      1    6  2  7  3  1  4  5
      1    4  2  7  3  4  0  0
      1    6  2  7  3  4  5  8
      1    6  2  7  3  5  6  4
      1    3  2  7  5  0  0  0
      1    6  2  7  5  1  3  6
      1    6  2  7  5  8  1  4
      1    5  2  7  5  4  1  0
      1    6  2  7  5  4  8  1
  0
Maryhill
