Mid_Berwickshire   Scottish_Borders  2012
'Rating type, # raw ballots, # processed, final # combined: '  1      3427       241       219
'# candidates to be elected, # reduced, original #: '  3  5  5
'Max # ranked or rated, max # rating levels, undervote penalty: '  5  5  1
'Original candidates, as reordered: '  4  5  1  2  3

'           Rating data: '
'Max # pos & neg ratings: '  3  2
'Rating point values: '  10.00   5.56   2.22  -4.00 -10.00
    520    2  1  5  0  0  0  1  1  5  0  0  0
    293    2  3  4  0  0  0  1  1  5  0  0  0
    158    2  2  1  0  0  0  1  1  5  0  0  0
    148    2  5  1  0  0  0  1  1  5  0  0  0
    144    2  4  3  0  0  0  1  1  5  0  0  0
    136    2  2  5  0  0  0  1  1  5  0  0  0
    125    2  5  2  0  0  0  1  1  5  0  0  0
     88    3  3  4  5  0  0  2  1  3  5  0  0
     86    3  1  2  5  0  0  1  1  4  4  0  0
     70    3  1  5  2  0  0  2  1  3  5  0  0
     69    3  3  2  4  0  0  2  1  3  5  0  0
     58    2  5  1  0  0  0  1  2  4  0  0  0
     55    2  4  5  0  0  0  1  1  5  0  0  0
     47    3  2  1  5  0  0  2  1  3  5  0  0
     44    3  4  3  5  0  0  2  1  3  5  0  0
     37    3  5  1  2  0  0  2  1  3  5  0  0
     36    3  4  3  2  0  0  2  1  3  5  0  0
     34    3  1  2  5  0  0  2  1  3  5  0  0
     29    3  1  2  4  0  0  2  1  3  5  0  0
     28    5  3  4  2  5  1  3  1  3  3  4  5
     28    2  2  4  0  0  0  1  1  5  0  0  0
     27    3  5  2  1  0  0  2  1  3  5  0  0
     25    3  5  4  3  0  0  2  1  3  5  0  0
     24    5  3  4  5  2  1  3  1  1  3  5  5
     23    5  4  3  2  1  5  3  1  1  3  5  5
     23    5  1  2  5  4  3  3  1  1  3  5  5
     22    3  5  3  4  0  0  2  1  3  5  0  0
     22    5  1  5  2  3  4  3  1  1  3  5  5
     22    5  1  5  2  4  3  3  1  1  3  5  5
     21    3  3  4  1  0  0  2  1  3  5  0  0
     21    3  4  1  3  0  0  2  1  3  5  0  0
     20    3  2  1  4  0  0  2  2  3  5  0  0
     19    3  2  4  3  0  0  2  2  2  5  0  0
     18    2  5  3  0  0  0  1  1  5  0  0  0
     18    2  1  3  0  0  0  1  1  5  0  0  0
     18    3  2  4  3  0  0  2  1  3  5  0  0
     16    5  5  2  1  4  3  3  1  1  3  5  5
     15    3  1  3  2  0  0  2  1  3  5  0  0
     15    5  2  1  5  3  4  3  1  2  3  5  5
     14    4  3  4  2  5  0  2  1  2  4  5  0
     14    5  4  3  5  2  1  3  1  1  3  5  5
     14    5  1  3  4  5  2  3  1  1  3  5  5
     14    3  2  3  5  0  0  2  1  3  5  0  0
     13    3  4  3  1  0  0  2  1  3  5  0  0
     13    3  5  2  4  0  0  2  2  2  5  0  0
     13    5  1  5  3  4  2  3  1  2  2  5  5
     13    5  1  5  3  2  4  3  1  3  3  4  5
     13    5  2  5  1  4  3  3  1  2  3  4  5
     12    5  1  2  3  4  5  3  2  2  3  4  5
     12    5  2  1  4  3  5  3  1  2  3  5  5
     11    2  3  1  0  0  0  1  1  5  0  0  0
     11    2  1  4  0  0  0  1  1  5  0  0  0
     11    5  2  5  4  3  1  3  1  1  3  5  5
     10    3  4  2  1  0  0  2  2  3  5  0  0
     10    3  1  4  3  0  0  2  1  3  5  0  0
     10    5  4  1  3  5  2  3  2  3  3  4  5
     10    3  2  1  3  0  0  2  1  3  5  0  0
     10    2  2  3  0  0  0  1  1  5  0  0  0
     10    5  4  2  3  5  1  3  1  1  3  5  5
      9    5  3  4  1  2  5  3  1  1  3  5  5
      9    4  3  4  2  5  0  2  1  3  4  5  0
      9    3  3  5  4  0  0  2  1  3  5  0  0
      9    2  3  2  0  0  0  1  1  5  0  0  0
      9    3  4  5  3  0  0  2  1  3  5  0  0
      9    3  4  1  2  0  0  2  1  3  5  0  0
      9    3  5  1  3  0  0  2  1  3  5  0  0
      9    5  5  1  2  3  4  3  1  2  3  5  5
      9    5  5  2  3  4  1  3  1  2  2  5  5
      9    3  1  4  5  0  0  2  1  3  5  0  0
      9    3  1  4  2  0  0  2  1  3  5  0  0
      9    5  2  4  3  5  1  3  1  2  2  5  5
      9    3  2  5  4  0  0  2  1  3  5  0  0
      9    3  2  1  3  0  0  2  2  3  5  0  0
      8    5  4  3  2  1  5  3  1  3  3  4  5
      8    3  4  2  5  0  0  2  2  2  5  0  0
      8    5  5  3  2  4  1  3  1  2  2  5  5
      8    3  5  3  2  0  0  2  1  3  5  0  0
      8    5  5  1  3  4  2  3  1  2  3  5  5
      8    5  1  5  3  4  2  3  2  2  2  4  5
      8    3  2  4  1  0  0  2  1  3  5  0  0
      8    5  2  4  3  5  1  3  1  3  3  4  5
      7    5  3  4  5  1  2  3  1  1  3  5  5
      7    5  3  4  2  1  5  3  1  2  2  5  5
      7    5  3  1  2  4  5  3  1  1  3  5  5
      7    3  3  2  5  0  0  2  1  3  5  0  0
      7    4  4  3  2  5  0  2  1  2  4  5  0
      7    3  4  5  1  0  0  2  1  3  5  0  0
      7    5  5  2  4  3  1  3  1  1  3  5  5
      7    5  5  1  4  3  2  3  1  2  2  5  5
      7    3  1  5  4  0  0  2  1  3  5  0  0
      6    2  3  5  0  0  0  1  1  5  0  0  0
      6    5  3  4  1  5  2  3  1  3  3  4  5
      6    3  3  1  2  0  0  2  1  3  5  0  0
      6    3  4  1  3  0  0  2  3  3  4  0  0
      6    3  5  2  3  0  0  2  1  3  5  0  0
      6    3  1  5  3  0  0  2  1  3  5  0  0
      6    3  2  4  5  0  0  2  1  3  5  0  0
      6    5  2  1  3  4  5  3  1  3  3  4  5
      5    3  3  5  2  0  0  2  1  3  5  0  0
      5    5  1  3  4  5  2  3  1  3  3  4  5
      5    3  4  5  2  0  0  2  1  3  5  0  0
      5    2  4  1  0  0  0  1  2  4  0  0  0
      5    2  2  4  0  0  0  1  2  4  0  0  0
      5    3  4  2  3  0  0  2  1  3  5  0  0
      5    5  5  3  4  2  1  3  1  2  3  5  5
      5    5  5  1  3  2  4  3  1  1  3  5  5
      5    3  1  3  5  0  0  2  1  3  5  0  0
      5    5  1  2  3  5  4  3  1  2  3  5  5
      5    5  1  4  2  3  5  3  1  1  3  5  5
      5    3  2  3  1  0  0  2  1  3  5  0  0
      5    5  2  5  3  1  4  3  1  1  3  5  5
      4    3  3  5  1  0  0  2  2  2  5  0  0
      4    5  3  2  4  5  1  3  1  1  3  5  5
      4    4  3  5  2  4  0  2  1  2  4  5  0
      4    5  4  3  5  1  2  3  1  2  3  5  5
      4    4  4  5  3  2  0  2  1  2  4  5  0
      4    5  4  5  1  2  3  3  1  1  3  5  5
      4    4  5  4  3  2  0  2  1  2  4  5  0
      4    5  1  3  4  2  5  3  1  2  3  5  5
      4    5  1  5  4  2  3  3  1  2  3  5  5
      4    4  1  5  2  4  0  2  1  1  5  5  0
      4    5  1  2  4  3  5  3  1  1  3  5  5
      4    4  3  2  4  5  0  2  1  2  4  5  0
      4    5  2  3  5  4  1  3  1  2  2  5  5
      4    5  2  4  1  3  5  3  2  2  3  4  5
      4    5  2  4  5  1  3  3  2  3  3  4  4
      4    4  2  5  3  4  0  2  1  2  4  5  0
      4    5  2  5  4  1  3  3  1  2  3  5  5
      3    4  4  3  5  1  0  2  1  2  4  5  0
      3    3  3  5  1  0  0  2  1  3  5  0  0
      3    3  3  1  4  0  0  2  3  3  4  0  0
      3    5  4  5  2  3  1  3  1  2  3  5  5
      3    5  4  2  5  3  1  3  2  2  3  4  5
      3    5  5  3  4  1  2  3  1  1  3  5  5
      3    4  5  4  3  1  0  2  1  1  5  5  0
      3    5  1  3  4  5  2  3  1  2  3  5  5
      3    5  1  3  5  2  4  3  1  2  3  5  5
      3    5  1  2  3  4  5  3  1  2  3  5  5
      3    5  4  1  3  5  2  3  1  2  3  5  5
      3    5  1  2  3  5  4  3  1  1  3  5  5
      3    5  2  4  3  1  5  3  1  1  3  5  5
      3    5  3  2  5  4  1  3  1  2  2  5  5
      3    5  5  2  3  1  4  3  1  3  3  4  5
      2    4  3  4  5  1  0  2  1  2  4  5  0
      2    4  3  4  2  1  0  2  1  3  4  5  0
      2    5  3  5  4  1  2  3  1  3  3  4  5
      2    5  3  5  2  4  1  3  2  2  3  4  5
      2    5  3  1  2  5  4  3  1  1  3  5  5
      2    4  3  5  2  4  0  2  1  3  4  5  0
      2    5  3  1  5  4  2  3  1  2  3  5  5
      2    5  3  2  4  5  1  3  1  2  3  5  5
      2    5  3  2  4  5  1  3  1  2  2  5  5
      2    5  3  5  2  4  1  3  1  1  3  5  5
      2    4  4  3  1  2  0  2  1  2  4  5  0
      2    5  4  3  1  5  2  3  2  2  3  4  5
      2    4  4  5  2  3  0  2  1  1  5  5  0
      2    5  4  1  2  3  5  3  1  1  3  5  5
      2    5  4  3  2  1  5  3  1  2  3  5  5
      2    3  5  3  1  0  0  2  1  3  5  0  0
      2    5  5  3  2  1  4  3  1  2  3  5  5
      2    3  5  4  2  0  0  2  1  3  5  0  0
      2    3  5  1  4  0  0  2  1  3  5  0  0
      2    4  5  2  4  3  0  2  2  2  4  5  0
      2    4  5  2  4  3  0  2  1  3  4  5  0
      2    4  2  5  1  4  0  2  1  2  4  5  0
      2    4  1  4  3  2  0  2  2  3  4  4  0
      2    4  1  2  5  3  0  2  1  2  4  5  0
      2    4  2  1  4  5  0  2  1  3  4  5  0
      2    4  2  4  5  3  0  2  1  1  5  5  0
      2    4  2  4  5  3  0  2  1  2  4  5  0
      2    5  2  4  5  3  1  3  1  1  3  5  5
      2    5  2  4  5  1  3  3  1  3  3  4  5
      2    4  2  4  1  5  0  2  1  1  5  5  0
      2    5  2  1  5  3  4  3  1  3  3  4  5
      2    5  2  1  4  5  3  3  1  1  3  5  5
      1    4  3  5  1  4  0  2  1  1  5  5  0
      1    5  5  3  1  4  2  3  1  2  3  5  5
      1    5  3  5  4  2  1  3  1  2  3  5  5
      1    5  3  1  4  2  5  3  1  1  3  5  5
      1    5  3  1  2  4  5  3  1  3  3  4  5
      1    4  3  1  4  2  0  2  1  2  4  5  0
      1    3  2  3  1  0  0  2  2  3  5  0  0
      1    4  3  2  1  4  0  2  1  2  4  5  0
      1    5  3  2  1  4  5  3  1  1  3  5  5
      1    4  3  1  2  5  0  2  1  2  4  5  0
      1    4  4  3  1  5  0  2  1  2  4  5  0
      1    4  4  3  2  1  0  2  2  3  4  4  0
      1    5  5  3  1  4  2  3  2  2  2  4  5
      1    5  4  5  3  2  1  3  1  1  3  5  5
      1    5  4  2  1  3  5  3  1  2  3  5  5
      1    5  4  1  2  5  3  3  1  1  3  5  5
      1    5  4  2  3  5  1  3  2  2  2  4  5
      1    5  4  2  1  3  5  3  1  1  3  5  5
      1    4  5  3  4  1  0  2  1  1  5  5  0
      1    4  5  3  2  4  0  2  2  2  4  5  0
      1    4  3  5  2  1  0  2  1  2  4  5  0
      1    5  3  5  2  1  4  3  1  2  3  5  5
      1    5  5  1  4  2  3  3  2  2  3  4  5
      1    5  4  5  2  3  1  3  1  1  3  5  5
      1    5  5  1  3  2  4  3  1  2  3  5  5
      1    4  5  1  4  2  0  2  1  2  4  5  0
      1    5  5  1  4  2  3  3  1  2  2  5  5
      1    5  5  2  3  1  4  3  1  1  3  5  5
      1    5  5  2  4  1  3  3  1  2  2  5  5
      1    5  5  2  1  3  4  3  1  1  3  5  5
      1    4  1  3  5  4  0  2  1  1  5  5  0
      1    4  1  3  5  4  0  2  2  2  4  5  0
      1    4  1  3  5  2  0  2  1  1  5  5  0
      1    4  1  2  4  3  0  2  1  3  4  5  0
      1    4  1  5  3  4  0  2  2  2  4  5  0
      1    4  1  5  3  2  0  2  1  1  5  5  0
      1    4  2  3  1  4  0  2  1  1  5  5  0
      1    4  2  3  5  4  0  2  1  2  4  5  0
      1    5  2  3  1  4  5  3  1  3  3  4  5
      1    5  2  1  3  4  5  3  1  2  3  5  5
      1    4  2  5  4  1  0  2  1  2  4  5  0
      1    4  2  1  3  4  0  2  1  2  4  5  0
      1    4  2  1  3  5  0  2  1  3  4  5  0
      1    4  2  1  4  5  0  2  1  1  5  5  0
  0
Mid_Berwickshire
