Mid_Berwickshire   Scottish_Borders  2012
'Rating type, # raw ballots, # processed, final # combined: '  0      3427       241       222
'# candidates to be elected, # reduced, original #: '  3  5  5
'Max # ranked or rated, max # rating levels, undervote penalty: '  5  5  1
'Original candidates, as reordered: '  4  5  1  2  3
'Weak ranking point values: '  10.00   7.00   4.50   2.50   1.00
    399    2  1  5  0  0  0  2  2  4  0  0  0
    293    2  3  4  0  0  0  2  1  5  0  0  0
    269    2  5  1  0  0  0  2  1  5  0  0  0
    207    2  2  5  0  0  0  2  1  5  0  0  0
    144    2  3  4  0  0  0  2  2  4  0  0  0
    112    2  1  2  0  0  0  2  2  5  0  0  0
     88    3  3  4  5  0  0  3  1  3  5  0  0
     86    3  1  2  5  0  0  3  1  3  5  0  0
     70    3  1  5  2  0  0  3  1  3  5  0  0
     64    3  5  1  2  0  0  3  1  3  5  0  0
     62    3  3  4  2  0  0  3  1  3  5  0  0
     58    2  5  1  0  0  0  2  2  5  0  0  0
     54    2  5  2  0  0  0  2  1  5  0  0  0
     47    3  2  1  5  0  0  3  1  3  5  0  0
     46    2  2  1  0  0  0  2  2  5  0  0  0
     44    3  4  3  5  0  0  3  1  3  5  0  0
     42    2  4  5  0  0  0  2  1  5  0  0  0
     38    3  1  2  4  0  0  3  1  3  5  0  0
     36    3  4  2  3  0  0  3  1  3  5  0  0
     34    3  2  5  1  0  0  3  1  3  5  0  0
     33    2  2  4  0  0  0  2  1  5  0  0  0
     28    5  3  2  4  5  1  5  1  2  4  4  4
     28    3  2  1  4  0  0  3  1  3  5  0  0
     25    3  5  3  4  0  0  3  1  3  5  0  0
     24    5  3  4  5  2  1  5  1  2  2  5  5
     23    5  4  3  2  1  5  5  1  2  3  4  5
     23    5  1  2  4  5  3  5  1  1  4  5  5
     22    3  5  4  3  0  0  3  2  2  5  0  0
     22    5  1  5  2  4  3  5  1  1  4  4  5
     21    3  3  4  1  0  0  3  1  3  5  0  0
     21    3  1  3  4  0  0  3  1  3  5  0  0
     19    2  3  2  0  0  0  2  1  5  0  0  0
     19    3  2  4  3  0  0  3  2  2  5  0  0
     18    2  1  3  0  0  0  2  2  3  0  0  0
     18    5  1  5  2  3  4  5  1  1  3  5  5
     18    3  2  3  4  0  0  3  1  3  5  0  0
     16    3  1  4  3  0  0  3  1  3  5  0  0
     15    5  2  3  1  4  5  5  1  2  3  4  5
     15    3  1  3  2  0  0  3  1  3  5  0  0
     15    5  1  2  5  3  4  5  1  2  3  4  5
     14    2  3  5  0  0  0  2  1  5  0  0  0
     14    5  4  3  2  5  1  5  1  1  4  5  5
     14    5  1  4  3  5  2  5  1  1  4  4  5
     13    3  4  3  1  0  0  3  1  3  5  0  0
     13    2  5  4  0  0  0  2  1  5  0  0  0
     13    3  5  2  4  0  0  3  1  3  5  0  0
     13    5  1  5  4  3  2  5  1  1  3  5  5
     13    5  2  1  5  3  4  5  1  3  3  4  4
     13    5  2  5  1  4  3  5  2  2  2  4  5
     12    3  5  3  1  0  0  3  1  3  5  0  0
     12    5  1  2  3  4  5  5  2  2  3  3  5
     12    5  2  1  5  4  3  5  1  1  4  4  5
     11    4  4  3  5  2  0  4  1  2  4  5  0
     11    2  3  1  0  0  0  2  3  3  0  0  0
     11    3  4  1  5  0  0  3  1  3  5  0  0
     11    2  1  4  0  0  0  2  1  5  0  0  0
     11    5  2  5  3  4  1  5  1  1  4  5  5
     10    3  4  2  1  0  0  3  1  3  5  0  0
     10    2  5  3  0  0  0  2  1  5  0  0  0
     10    5  1  4  3  5  2  5  2  2  2  4  5
     10    3  1  2  3  0  0  3  1  3  5  0  0
     10    5  2  3  5  4  1  5  1  1  4  5  5
      9    5  3  4  1  2  5  5  1  1  4  5  5
      9    4  3  2  4  5  0  4  2  2  3  5  0
      9    5  3  4  2  1  5  5  1  1  4  5  5
      9    3  3  5  4  0  0  3  1  3  5  0  0
      9    3  4  5  3  0  0  3  1  3  5  0  0
      9    5  5  1  3  2  4  5  1  2  3  4  5
      9    5  5  2  1  3  4  5  1  2  3  4  5
      9    3  1  4  2  0  0  3  1  3  5  0  0
      9    3  3  2  5  0  0  3  1  3  5  0  0
      9    5  2  4  5  3  1  5  1  1  4  5  5
      9    3  2  5  4  0  0  3  1  3  5  0  0
      9    3  2  1  3  0  0  3  1  3  5  0  0
      8    5  4  3  2  1  5  5  1  2  4  4  4
      8    3  4  2  5  0  0  3  1  3  5  0  0
      8    3  3  5  2  0  0  3  1  3  5  0  0
      8    5  5  3  4  1  2  5  1  1  4  4  5
      8    5  1  4  3  2  5  5  1  1  4  5  5
      8    5  1  5  4  3  2  5  1  1  4  5  5
      8    5  2  5  4  3  1  5  1  2  3  4  5
      7    5  3  4  5  2  1  5  1  2  3  4  5
      7    3  3  2  4  0  0  3  1  3  5  0  0
      7    3  2  3  5  0  0  3  1  3  5  0  0
      7    5  1  3  2  5  4  5  1  2  2  5  5
      7    4  4  3  2  5  0  4  1  2  4  5  0
      7    5  5  1  3  4  2  5  1  2  2  5  5
      7    3  1  5  4  0  0  3  1  3  5  0  0
      6    5  3  1  4  2  5  5  1  2  3  4  5
      6    3  3  1  2  0  0  3  2  2  5  0  0
      6    3  2  5  3  0  0  3  1  3  5  0  0
      6    3  1  5  3  0  0  3  1  3  5  0  0
      6    3  2  4  5  0  0  3  1  3  5  0  0
      6    5  2  1  4  5  3  5  1  2  3  4  5
      5    3  3  5  2  0  0  3  3  3  3  0  0
      5    5  3  1  4  5  2  5  1  1  4  5  5
      5    3  5  4  2  0  0  3  2  3  4  0  0
      5    2  4  1  0  0  0  2  1  5  0  0  0
      5    3  4  3  2  0  0  3  1  3  5  0  0
      5    5  5  4  3  2  1  5  1  2  3  4  4
      5    5  5  4  1  2  3  5  1  1  4  5  5
      5    5  5  1  4  2  3  5  1  1  4  5  5
      5    3  1  3  5  0  0  3  1  3  5  0  0
      5    5  1  4  2  3  5  5  2  2  3  3  5
      5    4  2  3  4  5  0  4  1  3  3  5  0
      5    3  2  3  1  0  0  3  1  3  5  0  0
      5    3  5  2  3  0  0  3  1  3  5  0  0
      5    5  2  5  1  3  4  5  1  2  3  4  5
      4    3  3  1  5  0  0  3  1  3  5  0  0
      4    5  3  2  5  4  1  5  1  1  4  5  5
      4    5  3  4  1  5  2  5  1  2  2  5  5
      4    4  4  3  5  2  0  4  1  1  5  5  0
      4    5  4  5  1  2  3  5  1  3  3  3  5
      4    5  5  3  4  2  1  5  1  1  4  5  5
      4    4  5  4  2  3  0  4  1  2  4  5  0
      4    3  5  4  1  0  0  3  1  3  5  0  0
      4    5  5  1  3  4  2  5  1  1  3  5  5
      4    5  5  2  1  4  3  5  1  1  3  5  5
      4    5  1  3  4  2  5  5  1  1  4  5  5
      4    5  3  1  2  5  4  5  1  2  2  5  5
      4    5  1  5  2  4  3  5  1  1  4  5  5
      4    4  1  5  2  4  0  4  2  2  3  5  0
      4    5  2  3  5  1  4  5  1  2  3  4  5
      4    5  2  4  3  1  5  5  2  2  2  4  5
      4    5  2  4  1  5  3  5  1  1  3  5  5
      4    4  2  5  4  3  0  4  1  2  5  5  0
      4    5  2  5  4  1  3  5  1  1  3  5  5
      3    4  3  4  5  1  0  4  1  3  4  4  0
      3    4  3  5  4  2  0  4  1  2  5  5  0
      3    3  3  1  4  0  0  3  1  3  5  0  0
      3    5  4  5  2  3  1  5  1  2  2  5  5
      3    5  4  2  1  5  3  5  1  2  3  4  5
      3    5  5  4  3  1  2  5  1  2  3  4  5
      3    4  5  3  4  1  0  4  1  2  4  5  0
      3    5  1  3  5  4  2  5  1  2  3  4  5
      3    5  1  3  2  5  4  5  1  2  3  4  5
      3    5  3  1  2  4  5  5  1  1  4  5  5
      3    5  1  4  5  3  2  5  2  2  3  3  5
      3    5  1  2  3  5  4  5  1  1  4  4  5
      3    5  3  2  4  1  5  5  1  1  3  5  5
      3    5  2  3  5  4  1  5  1  2  2  5  5
      3    5  2  3  5  1  4  5  1  1  3  5  5
      2    4  3  4  5  1  0  4  1  1  5  5  0
      2    4  3  4  2  1  0  4  1  3  3  5  0
      2    5  3  5  4  1  2  5  1  1  4  5  5
      2    5  3  5  4  1  2  5  1  3  3  3  5
      2    5  3  5  1  2  4  5  1  1  4  4  5
      2    4  5  3  2  4  0  4  1  2  4  5  0
      2    5  3  1  5  4  2  5  1  1  4  5  5
      2    4  3  2  4  5  0  4  1  2  4  5  0
      2    5  3  2  5  4  1  5  1  2  2  5  5
      2    4  4  1  2  3  0  4  1  3  3  5  0
      2    5  4  1  3  2  5  5  1  2  3  4  5
      2    5  4  1  3  2  5  5  1  2  2  5  5
      2    5  4  2  3  1  5  5  1  1  4  5  5
      2    3  5  3  1  0  0  3  2  2  5  0  0
      2    5  5  3  1  4  2  5  1  2  2  5  5
      2    4  5  3  2  4  0  4  1  3  3  5  0
      2    3  5  4  2  0  0  3  1  3  5  0  0
      2    3  5  1  4  0  0  3  1  3  5  0  0
      2    4  5  2  3  4  0  4  1  2  5  5  0
      2    4  5  4  3  2  0  4  1  3  3  4  0
      2    5  5  2  4  3  1  5  1  1  4  5  5
      2    4  5  2  1  4  0  4  1  3  3  4  0
      2    4  1  4  3  2  0  4  1  3  3  5  0
      2    4  1  5  2  4  0  4  1  3  4  4  0
      2    4  2  4  5  3  0  4  1  1  5  5  0
      2    5  2  4  5  1  3  5  1  1  4  5  5
      2    5  2  4  3  1  5  5  1  2  3  4  5
      2    4  2  4  1  5  0  4  1  2  5  5  0
      2    5  2  1  3  4  5  5  2  2  3  3  5
      2    5  2  1  4  3  5  5  1  1  4  5  5
      1    4  3  5  4  1  0  4  1  2  4  5  0
      1    5  3  5  2  1  4  5  1  1  4  5  5
      1    5  3  5  2  1  4  5  1  2  3  4  5
      1    5  3  1  4  2  5  5  1  3  3  3  5
      1    5  3  1  5  2  4  5  1  2  2  5  5
      1    4  1  3  4  2  0  4  1  2  4  5  0
      1    3  3  2  1  0  0  3  1  3  5  0  0
      1    4  2  3  4  1  0  4  1  3  3  5  0
      1    5  3  2  1  4  5  5  1  1  3  5  5
      1    4  3  2  5  1  0  4  1  3  3  5  0
      1    4  4  3  1  5  0  4  1  2  4  5  0
      1    4  4  3  2  1  0  4  2  2  3  5  0
      1    5  4  5  3  1  2  5  1  2  3  4  5
      1    5  4  3  5  2  1  5  1  1  3  5  5
      1    3  4  5  1  0  0  3  2  2  5  0  0
      1    4  4  5  2  3  0  4  1  3  3  5  0
      1    5  4  1  2  3  5  5  1  3  3  3  5
      1    5  4  1  5  2  3  5  1  3  3  4  4
      1    5  4  2  3  5  1  5  1  1  4  5  5
      1    4  4  5  2  3  0  4  2  2  3  5  0
      1    5  4  2  5  1  3  5  1  1  4  5  5
      1    4  5  3  4  1  0  4  2  2  3  5  0
      1    4  5  3  4  2  0  4  1  3  3  5  0
      1    4  5  3  1  2  0  4  1  2  4  5  0
      1    5  5  3  2  4  1  5  2  2  2  4  5
      1    5  5  4  2  1  3  5  1  1  4  5  5
      1    5  5  4  2  1  3  5  1  2  2  5  5
      1    5  5  1  3  4  2  5  2  2  3  3  5
      1    4  5  4  1  2  0  4  1  2  4  5  0
      1    5  5  1  4  2  3  5  1  1  4  4  5
      1    5  2  5  3  1  4  5  1  1  4  4  5
      1    5  2  5  4  1  3  5  1  2  2  5  5
      1    5  5  2  1  4  3  5  1  1  4  5  5
      1    4  1  4  3  5  0  4  2  2  3  5  0
      1    4  1  3  5  4  0  4  1  2  4  5  0
      1    4  1  3  5  2  0  4  1  2  4  5  0
      1    4  1  3  2  4  0  4  1  2  5  5  0
      1    4  1  5  4  3  0  4  1  2  4  5  0
      1    4  1  5  3  2  0  4  1  2  5  5  0
      1    4  1  2  3  4  0  4  1  1  5  5  0
      1    4  1  2  5  3  0  4  1  1  5  5  0
      1    4  1  2  5  3  0  4  1  3  3  5  0
      1    5  2  3  1  4  5  5  1  1  4  5  5
      1    5  3  2  1  5  4  5  1  2  2  5  5
      1    4  2  4  5  3  0  4  1  2  4  5  0
      1    4  2  5  3  4  0  4  1  2  4  5  0
      1    4  5  2  4  1  0  4  1  2  4  5  0
      1    4  2  1  4  3  0  4  1  2  5  5  0
      1    4  2  1  5  3  0  4  1  3  3  5  0
      1    4  2  1  5  4  0  4  1  3  3  5  0
  0
Mid_Berwickshire
