Mid_Berwickshire   Scottish_Borders  2012
'Rating type, # raw ballots, # processed, final # combined: ' -1      3427       241       241
'# candidates to be elected, # reduced, original #: '  3  5  5
'Max # ranked or rated, max # rating levels, undervote penalty: '  5  1  1
'Original candidates, as reordered: '  4  5  1  2  3
    399    1  1  0  0  0  0
    293    2  3  4  0  0  0
    148    1  5  0  0  0  0
    144    2  4  3  0  0  0
    136    1  2  0  0  0  0
    121    2  1  5  0  0  0
    112    2  1  2  0  0  0
     88    3  3  4  5  0  0
     86    3  1  2  5  0  0
     71    2  2  5  0  0  0
     70    3  1  5  2  0  0
     62    3  3  4  2  0  0
     58    2  5  1  0  0  0
     54    2  5  2  0  0  0
     47    3  2  1  5  0  0
     46    2  2  1  0  0  0
     44    3  4  3  5  0  0
     37    3  5  1  2  0  0
     36    3  4  3  2  0  0
     35    1  4  0  0  0  0
     34    3  2  5  1  0  0
     29    3  1  2  4  0  0
     28    5  3  4  2  5  1
     28    2  2  4  0  0  0
     27    3  5  2  1  0  0
     25    3  5  3  4  0  0
     24    5  3  4  5  2  1
     23    5  4  3  2  5  1
     22    3  5  4  3  0  0
     22    5  1  5  2  4  3
     21    3  3  4  1  0  0
     21    3  1  3  4  0  0
     20    5  1  2  5  4  3
     20    3  2  1  4  0  0
     19    3  2  4  3  0  0
     18    2  1  3  0  0  0
     18    5  1  5  2  3  4
     18    3  2  3  4  0  0
     15    3  1  3  2  0  0
     15    5  2  1  5  3  4
     14    5  4  3  5  2  1
     14    5  1  3  4  5  2
     13    3  4  3  1  0  0
     13    2  5  4  0  0  0
     13    3  5  2  4  0  0
     13    5  1  5  4  3  2
     13    5  1  2  5  3  4
     13    5  2  5  1  4  3
     12    5  1  2  3  4  5
     12    5  2  1  3  4  5
     12    5  2  1  5  4  3
     11    4  3  4  5  2  0
     11    2  3  1  0  0  0
     11    2  1  4  0  0  0
     11    5  2  5  3  4  1
     10    3  4  2  1  0  0
     10    2  5  3  0  0  0
     10    3  1  4  3  0  0
     10    5  1  4  3  5  2
     10    3  1  2  3  0  0
     10    2  2  3  0  0  0
     10    5  2  3  4  5  1
      9    5  3  4  1  2  5
      9    4  3  4  2  5  0
      9    3  3  5  4  0  0
      9    2  3  2  0  0  0
      9    3  4  5  3  0  0
      9    3  4  1  2  0  0
      9    3  5  1  3  0  0
      9    5  5  1  2  3  4
      9    5  5  2  3  4  1
      9    3  1  4  5  0  0
      9    3  1  4  2  0  0
      9    3  2  3  5  0  0
      9    5  2  4  3  5  1
      9    3  2  5  4  0  0
      9    3  2  1  3  0  0
      8    2  3  5  0  0  0
      8    5  4  3  2  1  5
      8    3  4  2  5  0  0
      8    3  5  3  2  0  0
      8    5  1  5  3  4  2
      8    3  2  4  1  0  0
      8    5  2  5  4  3  1
      7    5  3  4  5  1  2
      7    5  3  4  2  1  5
      7    3  3  2  4  0  0
      7    3  3  2  5  0  0
      7    4  4  3  2  5  0
      7    2  4  5  0  0  0
      7    5  5  1  4  3  2
      7    3  1  5  4  0  0
      6    1  3  0  0  0  0
      6    5  3  4  1  5  2
      6    3  3  1  2  0  0
      6    3  4  1  3  0  0
      6    3  5  2  3  0  0
      6    3  1  5  3  0  0
      6    3  2  4  5  0  0
      6    5  2  1  4  3  5
      5    3  3  5  2  0  0
      5    5  3  1  4  5  2
      5    3  4  5  2  0  0
      5    2  4  1  0  0  0
      5    2  4  2  0  0  0
      5    3  4  2  3  0  0
      5    5  5  4  3  2  1
      5    5  5  4  2  3  1
      5    5  5  1  2  4  3
      5    3  1  3  5  0  0
      5    5  1  3  2  5  4
      5    5  1  4  2  3  5
      5    3  2  3  1  0  0
      5    3  2  5  3  0  0
      5    5  2  5  1  3  4
      4    3  3  1  5  0  0
      4    5  3  2  4  5  1
      4    5  4  3  5  1  2
      4    4  4  3  5  2  0
      4    5  4  5  1  2  3
      4    5  5  3  4  2  1
      4    5  5  3  2  4  1
      4    5  5  4  3  1  2
      4    4  5  4  3  2  0
      4    3  5  4  1  0  0
      4    5  5  1  3  4  2
      4    5  5  2  1  4  3
      4    5  1  3  4  2  5
      4    5  1  4  3  2  5
      4    5  1  5  3  2  4
      4    5  1  5  4  2  3
      4    4  1  5  2  4  0
      4    5  1  2  4  3  5
      4    4  2  3  4  5  0
      4    5  2  3  5  1  4
      4    5  2  4  3  1  5
      4    5  2  4  1  5  3
      4    4  2  5  3  4  0
      4    5  2  5  4  1  3
      3    4  3  4  5  1  0
      3    4  3  5  4  2  0
      3    3  3  5  1  0  0
      3    3  3  1  4  0  0
      3    5  3  1  2  4  5
      3    5  4  5  2  3  1
      3    5  4  2  5  1  3
      3    5  5  3  4  1  2
      3    4  5  4  3  1  0
      3    5  1  3  5  4  2
      3    5  1  3  5  2  4
      3    5  1  3  2  4  5
      3    5  1  4  5  3  2
      3    5  1  2  3  5  4
      3    5  1  2  4  5  3
      3    5  2  3  4  1  5
      3    5  2  3  5  4  1
      3    5  2  5  3  1  4
      2    4  3  4  1  5  0
      2    4  3  4  2  1  0
      2    5  3  5  4  1  2
      2    5  3  5  4  2  1
      2    5  3  5  1  2  4
      2    4  3  5  2  4  0
      2    5  3  1  5  4  2
      2    5  3  2  4  1  5
      2    4  3  2  5  4  0
      2    5  3  2  5  4  1
      2    5  3  2  1  5  4
      2    4  4  3  1  2  0
      2    5  4  3  1  2  5
      2    5  4  1  3  2  5
      2    3  4  1  5  0  0
      2    5  4  2  3  1  5
      2    3  5  3  1  0  0
      2    5  5  3  1  2  4
      2    4  5  3  2  4  0
      2    3  5  4  2  0  0
      2    3  5  1  4  0  0
      2    4  5  2  3  4  0
      2    4  5  2  4  3  0
      2    5  5  2  4  3  1
      2    4  5  2  1  4  0
      2    4  1  4  3  2  0
      2    4  1  2  5  4  0
      2    4  2  4  3  5  0
      2    5  2  4  5  3  1
      2    5  2  4  5  1  3
      2    4  2  4  1  5  0
      2    5  2  1  3  5  4
      2    5  2  1  4  5  3
      1    4  3  5  4  1  0
      1    5  3  5  1  4  2
      1    5  3  5  2  1  4
      1    5  3  1  4  2  5
      1    5  3  1  5  2  4
      1    4  3  1  2  4  0
      1    3  3  2  1  0  0
      1    4  3  2  1  4  0
      1    5  3  2  1  4  5
      1    4  3  2  1  5  0
      1    4  4  3  1  5  0
      1    4  4  3  2  1  0
      1    5  4  5  3  1  2
      1    5  4  5  3  2  1
      1    3  4  5  1  0  0
      1    4  4  5  2  3  0
      1    5  4  1  2  3  5
      1    5  4  1  2  5  3
      1    5  4  2  3  5  1
      1    4  4  2  5  3  0
      1    5  4  2  1  3  5
      1    4  5  3  4  1  0
      1    4  5  3  4  2  0
      1    4  5  3  2  1  0
      1    5  5  3  2  1  4
      1    5  5  4  1  2  3
      1    5  5  4  2  1  3
      1    5  5  1  3  2  4
      1    4  5  1  4  2  0
      1    5  5  1  4  2  3
      1    5  5  2  3  1  4
      1    5  5  2  4  1  3
      1    5  5  2  1  3  4
      1    4  1  3  4  5  0
      1    4  1  3  5  4  0
      1    4  1  3  5  2  0
      1    4  1  3  2  4  0
      1    4  1  5  3  4  0
      1    4  1  5  3  2  0
      1    4  1  2  3  4  0
      1    4  1  2  3  5  0
      1    4  1  2  5  3  0
      1    4  2  3  5  4  0
      1    5  2  3  1  4  5
      1    5  2  3  1  5  4
      1    4  2  4  5  3  0
      1    4  2  5  4  3  0
      1    4  2  5  4  1  0
      1    4  2  1  3  4  0
      1    4  2  1  3  5  0
      1    4  2  1  5  4  0
  0
Mid_Berwickshire
