 -1,   156,  6,  4, -1,  3,  1, -1,  1,  1
0
  22190,  1,  1
  16820,  1,  3
  16640,  1,  5
  14908,  1,  2
   7534,  1,  6
   4535,  1,  4
   2281,  2,  2,  5
   1845,  2,  1,  2
   1800,  2,  5,  6
   1749,  2,  2,  3
   1736,  2,  1,  3
   1727,  2,  5,  3
   1703,  2,  3,  5
   1445,  2,  3,  1
   1362,  2,  3,  2
   1301,  2,  2,  1
   1229,  2,  5,  2
   1089,  2,  1,  5
   1063,  2,  6,  5
    890,  2,  5,  1
    757,  2,  3,  6
    680,  2,  2,  4
    678,  2,  1,  4
    629,  2,  1,  6
    624,  2,  2,  6
    601,  2,  3,  4
    540,  2,  4,  3
    519,  2,  6,  3
    472,  2,  6,  2
    464,  2,  4,  2
    446,  2,  6,  1
    401,  2,  4,  1
    381,  2,  4,  5
    378,  2,  5,  4
    370,  2,  4,  6
    296,  2,  6,  4
   8542,  3,  1,  2,  3
   4532,  3,  3,  5,  6
   4044,  3,  5,  6,  3
   3506,  3,  1,  3,  5
   2952,  3,  2,  5,  3
   2885,  3,  1,  3,  2
   2836,  3,  2,  3,  5
   2753,  3,  5,  3,  6
   2715,  3,  6,  5,  3
   2473,  3,  5,  6,  2
   2421,  3,  2,  1,  3
   2388,  3,  1,  2,  4
   2259,  3,  3,  2,  5
   2193,  3,  1,  3,  6
   2181,  3,  3,  2,  1
   2150,  3,  1,  2,  5
   2147,  3,  1,  5,  6
   2133,  3,  5,  2,  6
   2111,  3,  2,  5,  6
   2074,  3,  3,  1,  2
   1986,  3,  5,  3,  2
   1922,  3,  2,  3,  1
   1805,  3,  3,  1,  5
   1746,  3,  2,  3,  4
   1658,  3,  2,  1,  5
   1641,  3,  1,  2,  6
   1618,  3,  1,  4,  2
   1612,  3,  3,  5,  2
   1609,  3,  5,  2,  3
   1576,  3,  5,  3,  1
   1566,  3,  6,  5,  2
   1560,  3,  1,  5,  3
   1539,  3,  1,  3,  4
   1518,  3,  5,  6,  1
   1498,  3,  2,  3,  6
   1490,  3,  2,  1,  4
   1441,  3,  1,  5,  2
   1435,  3,  5,  1,  3
   1421,  3,  3,  5,  1
   1345,  3,  2,  5,  1
   1325,  3,  2,  1,  6
   1279,  3,  5,  2,  1
   1276,  3,  5,  1,  2
   1275,  3,  5,  1,  6
   1241,  3,  3,  1,  6
   1226,  3,  3,  2,  6
   1178,  3,  2,  4,  1
   1147,  3,  6,  3,  5
   1142,  3,  3,  6,  5
   1124,  3,  2,  4,  6
   1048,  3,  3,  2,  4
   1041,  3,  6,  5,  4
   1017,  3,  4,  3,  2
    997,  3,  1,  4,  6
    979,  3,  1,  6,  2
    946,  3,  2,  4,  3
    936,  3,  3,  4,  2
    930,  3,  2,  4,  5
    926,  3,  6,  2,  3
    924,  3,  3,  4,  5
    909,  3,  1,  4,  3
    880,  3,  1,  6,  3
    877,  3,  3,  1,  4
    870,  3,  6,  3,  2
    867,  3,  6,  2,  5
    858,  3,  4,  1,  2
    853,  3,  3,  4,  1
    843,  3,  6,  5,  1
    832,  3,  6,  2,  1
    808,  3,  4,  2,  3
    805,  3,  3,  6,  2
    800,  3,  2,  6,  3
    797,  3,  4,  2,  1
    791,  3,  6,  3,  1
    782,  3,  2,  6,  5
    777,  3,  2,  6,  1
    758,  3,  6,  1,  2
    756,  3,  3,  4,  6
    741,  3,  4,  2,  6
    738,  3,  1,  6,  5
    736,  3,  3,  6,  1
    733,  3,  6,  1,  3
    730,  3,  4,  5,  6
    709,  3,  5,  6,  4
    681,  3,  4,  3,  1
    666,  3,  6,  4,  2
    657,  3,  4,  3,  5
    653,  3,  4,  3,  6
    640,  3,  6,  2,  4
    618,  3,  1,  4,  5
    602,  3,  5,  3,  4
    590,  3,  5,  2,  4
    586,  3,  4,  2,  5
    569,  3,  4,  1,  3
    531,  3,  3,  5,  4
    523,  3,  6,  3,  4
    515,  3,  1,  6,  4
    511,  3,  5,  4,  3
    499,  3,  2,  5,  4
    491,  3,  6,  1,  5
    489,  3,  2,  6,  4
    468,  3,  5,  4,  2
    468,  3,  6,  4,  1
    466,  3,  4,  1,  6
    454,  3,  6,  1,  4
    435,  3,  3,  6,  4
    435,  3,  4,  6,  2
    421,  3,  6,  4,  3
    419,  3,  4,  5,  3
    418,  3,  5,  4,  6
    414,  3,  4,  5,  2
    413,  3,  4,  6,  3
    349,  3,  4,  6,  5
    345,  3,  5,  1,  4
    341,  3,  4,  1,  5
    322,  3,  4,  6,  1
    319,  3,  1,  5,  4
    310,  3,  6,  4,  5
    300,  3,  4,  5,  1
    283,  3,  5,  4,  1
0     
  PRC_Assessor