 -1,    40,  4,  4, -1,  2,  1, -1,  1,  1
  0
  47651,  1,  4
  17239,  1,  2
  16831,  1,  3
  10479,  1,  1
  13841,  2,  2,  3
  11364,  2,  3,  2
  10791,  2,  4,  1
   5171,  2,  1,  4
   2596,  2,  4,  3
   2448,  2,  4,  2
   1792,  2,  3,  4
   1642,  2,  1,  2
   1566,  2,  3,  1
   1534,  2,  2,  1
   1492,  2,  2,  4
   1344,  2,  1,  3
  22575,  3,  2,  3,  1
  16823,  3,  3,  2,  1
  10209,  3,  4,  1,  2
   9924,  3,  4,  1,  3
   8461,  3,  2,  3,  4
   8234,  3,  1,  2,  3
   7050,  3,  3,  2,  4
   6433,  3,  2,  1,  3
   6293,  3,  4,  3,  2
   5541,  3,  4,  2,  3
   4890,  3,  4,  2,  1
   4818,  3,  4,  3,  1
   4678,  3,  3,  1,  2
   4351,  3,  1,  4,  2
   4264,  3,  1,  3,  2
   4079,  3,  1,  4,  3
   3833,  3,  3,  4,  2
   3092,  3,  1,  2,  4
   2893,  3,  3,  4,  1
   2769,  3,  1,  3,  4
   2717,  3,  2,  4,  3
   2594,  3,  2,  1,  4
   2469,  3,  2,  4,  1
   2336,  3,  3,  1,  4
      0 
   PRC_Executive
