PRC_Executive   Pierce_County  2008
'Rating type, # raw ballots, # processed, final # combined: '  1    299107        40        35
'# candidates to be elected, # reduced, original #: '  2  4  4
'Max # ranked or rated, max # rating levels, undervote penalty: '  4  4  1
'Original candidates, as reordered: '  4  2  3  1

'           Rating data: '
'Max # pos & neg ratings: '  2  2
'Rating point values: '  10.00   4.00  -4.00 -10.00
  47651    2  1  4  0  0  1  2  3  0  0
  39398    3  3  2  4  0  1  1  3  4  0
  26441    2  4  1  0  0  1  1  4  0  0
  18773    2  2  4  0  0  1  1  4  0  0
  18397    2  3  4  0  0  1  1  4  0  0
  13841    2  2  3  0  0  1  2  3  0  0
  11364    2  3  2  0  0  1  1  4  0  0
  10209    3  1  4  2  0  1  1  3  4  0
   9924    3  1  4  3  0  2  1  2  4  0
   8461    3  2  3  1  0  2  2  2  4  0
   8234    3  4  2  3  0  2  2  2  4  0
   7050    3  3  2  1  0  2  2  2  4  0
   6433    3  2  4  3  0  1  1  3  3  0
   6293    3  3  1  2  0  1  1  3  3  0
   5541    3  1  2  3  0  1  1  3  4  0
   4890    3  1  2  4  0  1  1  3  4  0
   4818    3  1  3  4  0  1  1  3  4  0
   4678    3  3  4  2  0  2  2  2  4  0
   4351    3  4  1  2  0  1  1  3  4  0
   4264    3  4  3  2  0  1  1  3  4  0
   4079    3  4  1  3  0  1  1  3  4  0
   3833    3  3  1  2  0  1  1  3  4  0
   3092    3  4  2  1  0  1  1  3  4  0
   2893    3  3  1  4  0  2  1  2  4  0
   2769    3  4  3  1  0  1  1  3  3  0
   2717    3  2  1  3  0  1  1  3  4  0
   2596    2  1  3  0  0  1  2  3  0  0
   2594    3  2  4  1  0  1  1  3  4  0
   2469    3  1  2  4  0  2  1  2  4  0
   2448    2  1  2  0  0  1  1  4  0  0
   2336    3  4  3  1  0  1  1  3  4  0
   1792    2  3  1  0  0  1  1  4  0  0
   1642    2  4  2  0  0  1  1  4  0  0
   1492    2  2  1  0  0  1  1  4  0  0
   1344    2  4  3  0  0  1  1  4  0  0
  0
PRC_Executive
