PRC_Assessor   Pierce_County  2008
'Rating type, # raw ballots, # processed, final # combined: '  0    261772       156       132
'# candidates to be elected, # reduced, original #: '  3  6  6
'Max # ranked or rated, max # rating levels, undervote penalty: '  4  4  1
'Original candidates, as reordered: '  1  3  2  5  6  4
'Weak ranking point values: '  10.00   6.43   3.57   1.43
  22868    2  1  6  0  0  2  1  4  0  0
  17018    2  4  6  0  0  2  1  4  0  0
  16820    2  2  6  0  0  2  1  4  0  0
  16052    2  3  6  0  0  2  1  4  0  0
   8542    3  1  3  2  0  3  1  3  4  0
   7830    2  5  6  0  0  2  1  4  0  0
   5674    3  2  5  4  0  3  1  3  4  0
   4535    2  6  1  0  0  2  2  3  0  0
   4103    3  2  3  1  0  3  1  3  4  0
   4044    3  4  5  2  0  3  1  3  4  0
   3665    3  4  5  1  0  3  1  3  4  0
   3506    3  2  1  4  0  3  1  3  4  0
   3226    3  2  4  1  0  3  1  3  4  0
   3111    2  3  2  0  0  2  1  4  0  0
   2952    3  3  2  4  0  3  2  2  3  0
   2885    3  1  2  3  0  3  1  3  4  0
   2836    3  3  2  4  0  3  1  3  4  0
   2753    3  4  2  5  0  3  2  2  4  0
   2715    3  5  4  2  0  3  1  3  4  0
   2473    3  4  3  5  0  3  2  2  3  0
   2421    3  3  1  2  0  3  1  3  4  0
   2388    3  1  3  6  0  3  1  3  4  0
   2281    2  3  4  0  0  2  1  4  0  0
   2259    3  2  3  4  0  3  1  3  4  0
   2193    3  1  2  5  0  3  1  3  4  0
   2150    3  3  1  4  0  3  1  3  4  0
   2133    3  4  5  3  0  3  1  3  4  0
   2111    3  3  4  5  0  3  1  3  4  0
   2074    3  2  1  3  0  3  1  3  4  0
   1986    3  4  2  3  0  3  1  3  4  0
   1845    2  1  3  0  0  2  1  4  0  0
   1825    3  6  2  3  0  3  1  3  4  0
   1800    2  4  5  0  0  2  1  4  0  0
   1746    3  3  2  6  0  3  2  2  3  0
   1736    2  1  2  0  0  2  1  4  0  0
   1727    2  4  2  0  0  2  1  4  0  0
   1726    3  5  3  2  0  3  1  3  4  0
   1703    2  2  4  0  0  2  1  4  0  0
   1658    3  1  3  4  0  3  1  3  4  0
   1655    3  6  3  1  0  3  1  3  4  0
   1649    3  5  3  4  0  3  1  3  4  0
   1641    3  1  5  3  0  3  2  2  3  0
   1618    3  1  6  3  0  3  1  3  4  0
   1613    3  3  5  6  0  3  1  3  4  0
   1612    3  2  4  3  0  3  1  3  4  0
   1609    3  3  4  2  0  3  1  3  4  0
   1576    3  4  2  1  0  3  1  3  4  0
   1566    3  5  4  3  0  3  1  3  3  0
   1560    3  1  4  2  0  3  1  3  3  0
   1539    3  1  2  6  0  3  1  3  4  0
   1512    3  1  6  5  0  3  1  3  4  0
   1498    3  3  2  5  0  3  1  3  4  0
   1490    3  3  1  6  0  3  1  3  4  0
   1469    3  5  1  2  0  3  1  3  4  0
   1455    3  2  6  4  0  3  1  3  4  0
   1445    2  2  1  0  0  2  2  3  0  0
   1441    3  1  4  3  0  3  1  3  4  0
   1435    3  4  1  2  0  3  1  3  4  0
   1409    3  2  6  5  0  3  1  3  4  0
   1345    3  3  4  1  0  3  1  3  4  0
   1325    3  3  5  1  0  3  1  3  4  0
   1306    3  5  6  3  0  3  1  3  4  0
   1301    2  3  1  0  0  2  1  4  0  0
   1279    3  4  3  1  0  3  2  2  3  0
   1276    3  4  1  3  0  3  1  3  4  0
   1275    3  4  1  5  0  3  1  3  4  0
   1250    3  6  2  1  0  3  1  3  4  0
   1241    3  2  5  1  0  3  2  2  3  0
   1229    2  4  3  0  0  2  2  2  0  0
   1226    3  2  3  5  0  3  1  3  4  0
   1178    3  3  6  1  0  3  1  3  4  0
   1147    3  5  2  4  0  3  2  2  4  0
   1089    2  1  4  0  0  2  1  4  0  0
   1079    3  6  5  4  0  3  1  3  4  0
   1063    2  5  4  0  0  2  1  4  0  0
   1048    3  2  3  6  0  3  1  3  4  0
   1041    3  5  4  6  0  3  1  3  4  0
    979    3  1  5  3  0  3  1  3  4  0
    967    3  4  6  3  0  3  1  3  4  0
    946    3  3  6  2  0  3  1  3  4  0
    936    3  2  3  6  0  3  2  2  4  0
    930    3  3  4  6  0  3  1  3  4  0
    909    3  1  6  2  0  3  1  3  4  0
    890    2  4  1  0  0  2  1  4  0  0
    880    3  5  1  2  0  3  1  3  3  0
    877    3  2  1  6  0  3  1  3  4  0
    870    3  5  2  3  0  3  1  3  4  0
    853    3  2  6  1  0  3  2  2  4  0
    843    3  5  4  1  0  3  1  3  4  0
    832    3  5  3  1  0  3  1  3  4  0
    805    3  2  5  3  0  3  2  2  3  0
    791    3  5  2  1  0  3  1  3  4  0
    777    3  5  1  3  0  3  1  3  4  0
    757    2  2  5  0  0  2  2  2  0  0
    758    3  5  1  3  0  3  2  2  4  0
    741    3  6  3  5  0  3  1  3  4  0
    738    3  1  5  4  0  3  1  3  4  0
    709    3  4  5  6  0  3  1  3  4  0
    664    3  1  4  6  0  3  1  3  4  0
    657    3  6  2  4  0  3  1  3  4  0
    629    2  1  5  0  0  2  2  2  0  0
    624    2  3  5  0  0  2  1  4  0  0
    618    3  1  6  4  0  3  1  3  4  0
    601    2  6  2  0  0  2  2  3  0  0
    602    3  4  2  6  0  3  1  3  4  0
    590    3  4  6  3  0  3  2  2  3  0
    586    3  6  3  4  0  3  1  3  4  0
    540    2  6  2  0  0  2  1  4  0  0
    523    3  5  2  6  0  3  2  2  3  0
    519    2  5  2  0  0  2  1  4  0  0
    511    3  6  2  4  0  3  2  2  4  0
    491    3  5  1  4  0  3  1  3  4  0
    472    2  5  3  0  0  2  2  3  0  0
    468    3  5  6  1  0  3  1  3  4  0
    466    3  6  1  5  0  3  1  3  4  0
    454    3  1  5  6  0  3  1  3  3  0
    446    2  5  1  0  0  2  2  3  0  0
    435    3  2  5  6  0  3  1  3  4  0
    435    3  6  5  3  0  3  1  3  4  0
    421    3  6  2  5  0  3  1  3  4  0
    419    3  6  4  2  0  3  1  3  4  0
    418    3  4  6  5  0  3  1  3  4  0
    414    3  6  4  3  0  3  1  3  4  0
    413    3  6  5  2  0  3  1  3  4  0
    401    2  6  1  0  0  2  1  4  0  0
    381    2  6  4  0  0  2  2  2  0  0
    370    2  6  5  0  0  2  1  4  0  0
    341    3  6  1  4  0  3  1  3  4  0
    322    3  6  5  1  0  3  2  2  3  0
    310    3  5  6  4  0  3  1  3  4  0
    300    3  6  4  1  0  3  2  2  3  0
    283    3  4  6  1  0  3  1  3  4  0
  0
PRC_Assessor
