Southside   Glasgow  2007
'Rating type, # raw ballots, # processed, final # combined: '  0      8738      2172      2046
'# candidates to be elected, # reduced, original #: '  4  9  9
'Max # ranked or rated, max # rating levels, undervote penalty: '  5  5  1
'Original candidates, as reordered: '  2  7  9  8  1  5  3  6  4
'Weak ranking point values: '  10.00   7.00   4.50   2.50   1.00
    754    2  1  9  0  0  0  2  1  5  0  0  0
    393    2  2  9  0  0  0  2  2  4  0  0  0
    392    2  3  9  0  0  0  2  2  4  0  0  0
    346    3  2  4  3  0  0  3  1  3  5  0  0
    246    2  1  7  0  0  0  2  1  5  0  0  0
    234    3  2  3  4  0  0  3  2  2  5  0  0
    204    3  2  3  4  0  0  3  1  3  5  0  0
    171    2  9  1  0  0  0  2  1  5  0  0  0
    168    3  3  4  2  0  0  3  2  2  5  0  0
    138    2  5  9  0  0  0  2  1  5  0  0  0
    127    2  6  9  0  0  0  2  1  5  0  0  0
    127    3  4  2  3  0  0  3  1  3  5  0  0
    123    2  5  1  0  0  0  2  1  5  0  0  0
    109    2  3  2  0  0  0  2  1  5  0  0  0
    100    2  4  9  0  0  0  2  1  5  0  0  0
     87    2  2  3  0  0  0  2  1  5  0  0  0
     82    2  8  9  0  0  0  2  1  5  0  0  0
     79    2  4  1  0  0  0  2  2  5  0  0  0
     72    3  1  6  5  0  0  3  1  3  5  0  0
     72    2  7  9  0  0  0  2  1  5  0  0  0
     70    2  5  6  0  0  0  2  1  5  0  0  0
     68    2  1  8  0  0  0  2  2  3  0  0  0
     66    2  1  4  0  0  0  2  1  5  0  0  0
     49    2  1  6  0  0  0  2  1  5  0  0  0
     46    3  5  6  1  0  0  3  1  3  5  0  0
     46    2  6  5  0  0  0  2  1  5  0  0  0
     45    2  7  5  0  0  0  2  1  5  0  0  0
     41    2  1  2  0  0  0  2  2  3  0  0  0
     34    3  1  7  5  0  0  3  2  3  4  0  0
     32    3  1  7  8  0  0  3  1  3  5  0  0
     32    3  1  8  5  0  0  3  1  3  5  0  0
     32    4  2  3  4  5  0  4  1  2  4  5  0
     32    2  3  4  0  0  0  2  1  5  0  0  0
     31    2  9  6  0  0  0  2  1  5  0  0  0
     28    4  2  4  3  6  0  4  2  2  3  5  0
     25    2  2  1  0  0  0  2  1  5  0  0  0
     24    2  6  2  0  0  0  2  1  5  0  0  0
     23    2  5  8  0  0  0  2  1  5  0  0  0
     23    3  1  8  7  0  0  3  1  3  5  0  0
     23    2  9  5  0  0  0  2  1  5  0  0  0
     22    3  1  5  7  0  0  3  1  3  5  0  0
     22    3  4  3  2  0  0  3  1  3  5  0  0
     20    3  6  1  5  0  0  3  1  3  5  0  0
     19    3  1  5  8  0  0  3  1  3  5  0  0
     19    2  1  3  0  0  0  2  1  5  0  0  0
     18    4  1  5  7  8  0  4  1  2  4  5  0
     19    2  2  4  0  0  0  2  1  5  0  0  0
     19    4  2  4  3  1  0  4  1  2  4  5  0
     19    3  2  3  6  0  0  3  2  2  5  0  0
     18    2  6  1  0  0  0  2  1  5  0  0  0
     18    2  2  8  0  0  0  2  2  4  0  0  0
     18    3  3  2  1  0  0  3  1  3  5  0  0
     17    2  8  1  0  0  0  2  1  5  0  0  0
     16    3  9  1  5  0  0  3  1  3  5  0  0
     16    4  1  5  8  7  0  4  1  2  5  5  0
     16    2  7  8  0  0  0  2  2  4  0  0  0
     15    3  7  5  8  0  0  3  1  3  5  0  0
     15    4  7  1  8  5  0  4  1  2  4  5  0
     15    3  9  6  5  0  0  3  1  3  5  0  0
     15    3  6  1  5  0  0  3  2  2  5  0  0
     15    4  2  4  3  7  0  4  1  2  5  5  0
     15    4  2  3  4  1  0  4  1  2  5  5  0
     14    4  1  4  2  3  0  4  1  3  4  4  0
     14    3  8  1  7  0  0  3  1  3  5  0  0
     14    2  8  2  0  0  0  2  2  4  0  0  0
     14    3  2  7  3  0  0  3  1  3  5  0  0
     13    3  5  2  6  0  0  3  1  3  5  0  0
     14    4  2  4  3  5  0  4  1  2  4  5  0
     13    3  1  2  5  0  0  3  1  3  5  0  0
     13    2  9  2  0  0  0  2  1  5  0  0  0
     13    4  2  3  4  6  0  4  2  3  3  3  0
     13    3  4  1  2  0  0  3  1  3  5  0  0
     12    2  1  9  0  0  0  2  2  5  0  0  0
     12    3  1  4  6  0  0  3  1  3  5  0  0
     12    3  6  9  5  0  0  3  3  3  3  0  0
     11    3  5  1  8  0  0  3  1  3  5  0  0
     12    4  4  2  8  3  0  4  1  3  3  4  0
     11    3  1  6  7  0  0  3  2  3  3  0  0
     11    4  1  8  7  5  0  4  1  3  3  5  0
     11    3  1  2  3  0  0  3  1  3  5  0  0
     11    3  8  1  5  0  0  3  2  2  5  0  0
     11    4  7  8  5  1  0  4  1  2  4  5  0
     11    3  8  7  1  0  0  3  1  3  5  0  0
     11    2  2  5  0  0  0  2  1  5  0  0  0
     11    3  4  2  1  0  0  3  1  3  5  0  0
     10    3  5  8  7  0  0  3  1  3  5  0  0
     10    2  5  2  0  0  0  2  2  3  0  0  0
     10    4  1  5  6  7  0  4  1  3  3  5  0
     11    4  4  1  2  3  0  4  1  2  5  5  0
     10    3  1  9  6  0  0  3  1  3  5  0  0
     11    2  3  8  0  0  0  2  2  3  0  0  0
     10    3  9  5  6  0  0  3  1  3  5  0  0
     10    3  9  6  1  0  0  3  1  3  5  0  0
     10    2  2  7  0  0  0  2  1  5  0  0  0
     10    3  2  3  5  0  0  3  1  3  5  0  0
      9    3  1  4  7  0  0  3  1  3  5  0  0
      9    3  1  6  9  0  0  3  2  2  5  0  0
      9    4  1  6  9  5  0  4  1  2  4  5  0
      9    3  8  1  4  0  0  3  1  3  5  0  0
     10    3  3  2  7  0  0  3  1  3  5  0  0
     10    3  3  6  2  0  0  3  1  3  5  0  0
     10    4  3  2  1  4  0  4  1  2  4  5  0
      9    3  1  5  4  0  0  3  2  2  5  0  0
      9    3  7  5  1  0  0  3  1  3  5  0  0
      9    3  6  9  5  0  0  3  2  2  5  0  0
      9    3  7  5  8  0  0  3  2  2  5  0  0
      8    3  5  7  6  0  0  3  1  3  5  0  0
      8    3  5  9  6  0  0  3  1  3  5  0  0
      9    4  2  3  4  8  0  4  1  2  4  5  0
      8    3  1  7  6  0  0  3  1  3  5  0  0
      9    4  4  2  3  1  0  4  1  2  4  5  0
      9    2  3  1  0  0  0  2  3  3  0  0  0
      8    3  1  8  6  0  0  3  1  3  5  0  0
      8    3  1  8  2  0  0  3  2  3  3  0  0
      8    3  1  2  4  0  0  3  1  3  5  0  0
      8    3  6  5  2  0  0  3  1  3  5  0  0
      8    3  8  2  3  0  0  3  1  3  5  0  0
      7    4  5  1  8  6  0  4  1  2  4  5  0
      7    3  5  2  1  0  0  3  1  3  5  0  0
      7    3  5  7  1  0  0  3  1  3  5  0  0
      8    3  2  6  5  0  0  3  1  3  5  0  0
      7    3  5  6  7  0  0  3  1  3  5  0  0
      7    3  5  3  2  0  0  3  1  3  5  0  0
      7    4  1  5  6  8  0  4  1  3  4  4  0
      8    4  2  3  4  7  0  4  2  2  3  5  0
      7    4  1  7  8  5  0  4  1  3  3  5  0
      8    2  3  6  0  0  0  2  2  5  0  0  0
      8    3  3  2  8  0  0  3  1  3  5  0  0
      7    3  1  4  2  0  0  3  2  2  5  0  0
      8    4  3  4  2  5  0  4  2  2  3  5  0
      8    4  4  3  2  1  0  4  2  3  3  3  0
      8    4  3  4  2  6  0  4  1  3  3  5  0
      7    2  7  8  0  0  0  2  2  3  0  0  0
      7    3  6  2  5  0  0  3  1  3  5  0  0
      7    4  2  6  3  4  0  4  1  3  3  5  0
      7    3  8  5  1  0  0  3  2  3  4  0  0
      6    4  5  6  1  7  0  4  2  3  3  3  0
      6    3  5  8  6  0  0  3  1  3  5  0  0
      7    3  2  8  3  0  0  3  1  3  5  0  0
      6    4  5  2  4  3  0  4  1  2  4  5  0
      7    3  2  3  8  0  0  3  1  3  5  0  0
      6    4  1  7  5  6  0  4  1  3  3  5  0
      6    4  1  8  7  6  0  4  1  2  4  5  0
      7    2  4  2  0  0  0  2  1  5  0  0  0
      7    2  3  5  0  0  0  2  2  5  0  0  0
      6    3  1  2  6  0  0  3  1  3  5  0  0
      6    3  1  6  4  0  0  3  2  3  3  0  0
      6    3  1  8  4  0  0  3  1  3  5  0  0
      6    4  1  4  2  3  0  4  1  2  4  5  0
      6    3  1  3  2  0  0  3  1  3  5  0  0
      6    4  1  3  2  4  0  4  1  2  4  5  0
      7    4  3  2  4  8  0  4  1  1  5  5  0
      6    3  7  5  6  0  0  3  2  2  5  0  0
      6    2  7  1  0  0  0  2  1  5  0  0  0
      6    3  1  7  5  0  0  3  1  3  5  0  0
      6    4  7  1  5  8  0  4  1  2  4  5  0
      6    2  7  6  0  0  0  2  2  3  0  0  0
      6    2  7  2  0  0  0  2  1  5  0  0  0
      6    3  9  6  2  0  0  3  1  3  5  0  0
      6    3  6  3  2  0  0  3  1  3  5  0  0
      6    2  6  3  0  0  0  2  1  5  0  0  0
      6    4  8  1  5  7  0  4  2  2  3  5  0
      6    4  8  2  4  3  0  4  1  1  5  5  0
      5    3  5  1  7  0  0  3  1  3  5  0  0
      5    3  9  5  1  0  0  3  1  3  5  0  0
      6    4  2  5  4  3  0  4  1  2  4  5  0
      6    3  2  1  7  0  0  3  1  3  5  0  0
      5    4  5  7  6  8  0  4  1  2  5  5  0
      5    4  5  8  7  6  0  4  1  2  4  5  0
      5    5  1  5  7  9  6  5  1  3  3  3  5
      6    4  2  3  5  6  0  4  1  2  4  5  0
      5    4  1  5  8  6  0  4  2  2  3  5  0
      6    3  4  1  3  0  0  3  1  3  5  0  0
      6    4  4  1  3  2  0  4  1  3  3  5  0
      6    4  4  2  6  3  0  4  1  3  3  5  0
      5    4  1  9  6  5  0  4  1  2  4  5  0
      6    3  3  5  2  0  0  3  1  3  5  0  0
      6    2  3  7  0  0  0  2  1  5  0  0  0
      5    3  1  6  3  0  0  3  1  3  5  0  0
      5    4  8  6  1  5  0  4  2  2  3  5  0
      5    4  1  8  7  6  0  4  1  3  3  5  0
      5    3  1  2  6  0  0  3  2  3  4  0  0
      6    4  3  2  4  6  0  4  1  2  4  5  0
      5    3  1  4  3  0  0  3  1  3  5  0  0
      5    4  8  7  5  6  0  4  1  2  4  5  0
      5    4  9  5  1  6  0  4  1  2  4  5  0
      5    3  9  1  6  0  0  3  1  3  5  0  0
      5    3  6  5  7  0  0  3  1  3  5  0  0
      5    3  6  1  9  0  0  3  1  3  5  0  0
      5    3  6  3  1  0  0  3  1  3  5  0  0
      5    3  6  8  5  0  0  3  1  3  5  0  0
      5    4  6  2  4  3  0  4  2  2  3  5  0
      5    3  8  5  7  0  0  3  1  3  5  0  0
      5    3  8  7  6  0  0  3  1  4  4  0  0
      5    3  8  2  7  0  0  3  1  3  5  0  0
      4    4  5  1  6  7  0  4  1  2  4  5  0
      4    4  5  1  6  2  0  4  1  2  4  5  0
      5    3  2  1  6  0  0  3  1  3  5  0  0
      5    3  2  8  1  0  0  3  1  3  5  0  0
      4    5  5  1  8  6  7  5  1  1  4  5  5
      5    3  2  3  1  0  0  3  1  3  5  0  0
      4    4  5  7  6  8  0  4  1  3  3  4  0
      5    2  2  9  0  0  0  2  3  3  0  0  0
      4    4  5  8  6  1  0  4  2  2  3  5  0
      4    3  5  6  9  0  0  3  1  3  5  0  0
      5    3  4  7  2  0  0  3  1  3  5  0  0
      4    3  5  8  1  0  0  3  1  3  5  0  0
      4    4  5  8  7  1  0  4  1  2  4  5  0
      5    5  2  4  3  6  8  5  1  1  4  5  5
      4    4  5  2  3  4  0  4  1  1  5  5  0
      4    4  1  5  7  6  0  4  2  2  4  4  0
      4    4  1  5  6  9  0  4  1  3  3  5  0
      5    5  2  3  4  6  5  5  1  2  2  5  5
      5    3  4  1  6  0  0  3  1  3  5  0  0
      4    4  1  6  7  8  0  4  1  2  4  5  0
      4    4  7  8  1  2  0  4  1  2  4  5  0
      5    3  4  3  8  0  0  3  1  3  5  0  0
      4    3  1  7  3  0  0  3  1  3  5  0  0
      4    3  1  9  8  0  0  3  1  3  5  0  0
      5    3  3  1  5  0  0  3  1  3  5  0  0
      5    3  3  1  6  0  0  3  1  3  5  0  0
      4    4  1  6  4  2  0  4  2  2  3  5  0
      4    4  1  2  6  3  0  4  1  2  4  5  0
      4    4  1  8  5  6  0  4  2  2  3  5  0
      5    3  3  8  7  0  0  3  1  3  5  0  0
      4    3  3  8  1  0  0  3  2  3  4  0  0
      4    3  1  2  7  0  0  3  1  3  5  0  0
      4    4  5  1  4  7  0  4  1  2  4  5  0
      5    4  3  2  4  7  0  4  2  2  3  5  0
      4    4  1  6  4  5  0  4  1  2  4  5  0
      4    4  4  1  7  9  0  4  1  2  4  5  0
      4    3  1  3  5  0  0  3  1  3  5  0  0
      4    3  1  7  3  0  0  3  2  2  5  0  0
      5    4  3  4  7  2  0  4  1  2  4  5  0
      4    3  7  1  8  0  0  3  1  3  5  0  0
      4    3  7  8  1  0  0  3  1  3  5  0  0
      4    4  7  8  1  5  0  4  1  2  5  5  0
      4    5  7  8  2  4  3  5  1  1  4  5  5
      4    4  7  2  3  6  0  4  1  2  4  5  0
      4    3  9  2  6  0  0  3  1  3  5  0  0
      4    5  9  2  4  3  6  5  1  1  4  5  5
      4    3  9  2  3  0  0  3  1  3  5  0  0
      4    3  5  6  8  0  0  3  1  3  5  0  0
      4    4  6  1  5  7  0  4  1  3  3  5  0
      4    2  6  7  0  0  0  2  1  5  0  0  0
      4    5  6  2  4  5  3  5  1  2  3  4  5
      4    3  8  5  6  0  0  3  1  3  5  0  0
      4    3  8  5  2  0  0  3  1  3  5  0  0
      4    4  8  7  1  5  0  4  1  2  5  5  0
      4    3  2  5  6  0  0  3  1  3  5  0  0
      4    4  2  5  4  3  0  4  2  2  3  5  0
      3    5  5  1  6  7  8  5  1  2  2  5  5
      3    5  5  1  7  8  6  5  1  1  4  5  5
      3    5  5  7  1  6  8  5  1  2  2  5  5
      3    4  1  5  7  8  0  4  1  3  3  5  0
      3    4  7  6  1  5  0  4  1  1  5  5  0
      3    3  5  4  7  0  0  3  1  3  5  0  0
      4    3  2  6  9  0  0  3  1  3  5  0  0
      4    4  2  6  4  3  0  4  2  2  3  5  0
      3    4  5  6  1  4  0  4  1  2  5  5  0
      3    4  5  6  7  8  0  4  1  2  4  5  0
      3    5  5  6  7  8  1  5  1  1  4  5  5
      4    4  2  4  8  3  0  4  2  2  3  5  0
      4    4  2  8  3  7  0  4  1  2  5  5  0
      3    5  5  6  4  2  3  5  1  2  2  5  5
      3    4  5  8  1  6  0  4  1  2  5  5  0
      3    3  5  8  6  0  0  3  2  3  3  0  0
      3    4  5  8  6  7  0  4  1  3  3  5  0
      3    3  5  8  2  0  0  3  1  3  5  0  0
      4    5  2  4  3  7  8  5  1  2  3  4  5
      4    4  2  3  5  7  0  4  2  2  3  5  0
      3    2  5  3  0  0  0  2  1  5  0  0  0
      4    4  2  3  5  6  0  4  1  2  5  5  0
      3    3  5  3  4  0  0  3  1  3  5  0  0
      3    5  1  5  7  8  6  5  1  1  4  4  5
      4    5  2  3  4  1  6  5  1  2  2  5  5
      3    4  1  5  6  2  0  4  1  2  5  5  0
      3    3  1  5  4  0  0  3  1  3  5  0  0
      3    5  7  1  5  8  2  5  1  2  2  5  5
      3    3  1  7  9  0  0  3  1  3  5  0  0
      4    3  4  1  8  0  0  3  1  3  5  0  0
      3    5  1  7  8  5  6  5  1  1  4  5  5
      3    4  1  7  8  9  0  4  2  2  3  5  0
      3    4  1  7  8  3  0  4  1  2  4  5  0
      3    3  1  7  2  0  0  3  1  3  5  0  0
      3    4  1  7  6  4  0  4  1  2  4  5  0
      3    4  1  5  6  9  0  4  1  3  3  4  0
      3    4  6  5  1  9  0  4  1  3  4  4  0
      3    5  1  6  3  4  2  5  1  1  4  5  5
      4    3  3  6  5  0  0  3  1  3  5  0  0
      3    4  8  1  7  2  0  4  1  2  4  5  0
      3    4  1  4  7  5  0  4  1  1  5  5  0
      3    4  4  7  1  8  0  4  1  2  4  5  0
      3    4  1  3  4  2  0  4  1  1  5  5  0
      3    3  7  1  6  0  0  3  2  2  5  0  0
      3    3  7  1  3  0  0  3  1  3  5  0  0
      3    3  7  6  5  0  0  3  1  3  5  0  0
      3    4  8  1  7  5  0  4  1  2  4  5  0
      3    4  7  8  2  3  0  4  1  2  5  5  0
      3    3  7  2  3  0  0  3  2  2  5  0  0
      3    3  7  3  2  0  0  3  1  3  5  0  0
      3    4  9  6  2  1  0  4  1  2  5  5  0
      3    5  6  5  2  4  3  5  1  2  3  4  5
      3    5  6  5  4  2  3  5  1  1  4  5  5
      3    3  6  1  2  0  0  3  1  3  5  0  0
      3    3  6  7  8  0  0  3  1  3  5  0  0
      3    4  6  9  1  5  0  4  2  2  3  5  0
      3    4  6  2  1  5  0  4  1  2  5  5  0
      3    3  6  2  7  0  0  3  1  3  5  0  0
      3    2  4  6  0  0  0  2  1  5  0  0  0
      3    3  5  6  3  0  0  3  1  3  5  0  0
      3    5  8  7  6  5  1  5  1  1  4  5  5
      3    4  7  8  5  6  0  4  2  3  3  3  0
      3    5  8  1  7  5  6  5  1  1  3  5  5
      3    5  7  8  3  1  6  5  1  1  4  4  5
      3    3  8  6  9  0  0  3  2  2  5  0  0
      3    3  8  6  7  0  0  3  1  3  5  0  0
      3    4  8  2  3  7  0  4  2  2  3  5  0
      3    2  8  3  0  0  0  2  1  5  0  0  0
      3    3  2  5  1  0  0  3  1  3  5  0  0
      2    5  1  7  5  6  8  5  1  1  4  5  5
      2    5  5  7  1  8  6  5  1  2  3  4  5
      2    4  5  1  9  6  0  4  1  2  4  5  0
      2    5  5  1  6  9  7  5  1  2  2  5  5
      2    4  5  9  1  2  0  4  1  2  4  5  0
      3    3  2  5  3  0  0  3  1  3  5  0  0
      2    4  5  6  1  8  0  4  1  2  4  5  0
      2    5  5  6  1  8  7  5  1  1  4  5  5
      2    5  5  1  6  2  4  5  1  2  3  4  5
      2    5  1  5  2  4  3  5  1  2  3  4  5
      2    4  5  2  3  1  0  4  1  3  3  4  0
      2    3  5  1  4  0  0  3  1  3  5  0  0
      3    3  2  7  6  0  0  3  1  3  5  0  0
      3    3  2  8  7  0  0  3  1  3  5  0  0
      3    4  2  4  3  7  0  4  1  2  4  5  0
      2    5  5  7  6  1  8  5  1  1  3  5  5
      2    5  5  6  7  2  8  5  1  2  3  4  5
      2    4  7  5  6  4  0  4  1  2  4  5  0
      2    4  5  8  1  7  0  4  1  3  3  5  0
      2    5  5  7  6  1  8  5  1  2  3  4  5
      2    4  5  7  8  3  0  4  2  2  4  4  0
      2    5  5  7  8  3  4  5  1  2  2  5  5
      2    4  5  6  9  2  0  4  1  2  4  5  0
      2    5  5  6  1  7  8  5  1  2  3  4  5
      2    5  5  6  1  7  8  5  1  1  4  5  5
      3    3  6  2  3  0  0  3  1  3  5  0  0
      2    5  5  6  8  1  7  5  1  2  3  4  5
      2    5  5  6  1  2  4  5  1  2  3  4  5
      3    3  2  7  8  0  0  3  1  3  5  0  0
      2    5  5  6  8  2  4  5  1  2  3  4  5
      3    3  2  4  5  0  0  3  1  3  5  0  0
      2    3  5  6  4  0  0  3  1  3  5  0  0
      2    4  5  6  4  1  0  4  1  2  4  5  0
      3    5  2  4  1  3  5  5  1  2  3  4  5
      3    5  2  3  4  1  5  5  1  1  4  5  5
      2    3  8  5  3  0  0  3  1  3  5  0  0
      3    4  2  4  3  9  0  4  1  2  4  5  0
      3    5  2  4  3  6  5  5  1  2  3  4  5
      3    5  2  3  4  6  5  5  1  2  3  4  5
      3    5  2  4  8  3  1  5  1  1  4  5  5
      2    5  2  5  3  4  6  5  1  1  3  5  5
      2    2  5  4  0  0  0  2  1  5  0  0  0
      2    4  5  2  4  3  0  4  1  2  5  5  0
      2    4  5  4  3  2  0  4  2  2  4  4  0
      2    3  5  3  8  0  0  3  2  2  5  0  0
      2    5  1  5  7  8  6  5  1  2  3  4  5
      2    4  1  5  7  2  0  4  1  1  5  5  0
      3    5  2  3  4  1  5  5  1  2  2  5  5
      2    4  1  5  9  6  0  4  1  3  3  5  0
      2    5  5  1  6  7  8  5  1  1  3  5  5
      2    5  1  5  6  7  2  5  1  2  3  4  5
      2    5  1  9  5  6  7  5  1  2  3  4  5
      2    5  1  5  6  7  8  5  1  2  2  5  5
      2    4  1  5  6  3  0  4  1  2  5  5  0
      2    5  1  5  8  7  6  5  1  2  2  5  5
      2    5  1  5  8  6  7  5  1  2  2  5  5
      2    4  1  5  4  6  0  4  1  3  3  4  0
      3    5  2  3  4  8  7  5  1  1  4  5  5
      2    5  1  7  5  9  4  5  1  2  3  4  5
      2    5  1  7  5  6  9  5  1  1  4  5  5
      2    5  1  7  6  5  8  5  1  1  4  5  5
      2    5  1  5  8  7  6  5  2  2  2  4  5
      2    5  1  7  5  8  6  5  2  2  2  4  5
      3    3  4  1  7  0  0  3  2  3  3  0  0
      2    5  1  7  6  9  8  5  1  1  4  5  5
      2    4  1  7  6  9  0  4  1  2  4  5  0
      2    5  6  1  7  8  5  5  1  2  2  5  5
      2    5  1  7  8  6  5  5  1  2  2  5  5
      2    4  1  7  6  4  0  4  1  3  3  5  0
      2    4  1  7  2  4  0  4  1  1  5  5  0
      2    4  1  7  4  2  0  4  1  2  4  5  0
      2    5  1  7  4  2  3  5  1  2  2  5  5
      3    4  4  3  2  5  0  4  1  2  4  5  0
      2    5  1  9  6  5  7  5  1  2  3  4  5
      3    4  4  2  3  7  0  4  2  3  3  3  0
      3    4  4  2  8  3  0  4  1  2  5  5  0
      2    4  1  6  7  5  0  4  1  2  5  5  0
      2    3  1  6  8  0  0  3  2  2  5  0  0
      2    4  1  6  8  5  0  4  1  3  4  4  0
      2    4  1  6  8  7  0  4  1  2  4  5  0
      3    3  3  1  2  0  0  3  1  3  5  0  0
      2    4  1  6  2  5  0  4  2  2  3  5  0
      3    3  3  7  6  0  0  3  1  3  5  0  0
      3    3  3  7  8  0  0  3  2  2  5  0  0
      3    3  3  7  2  0  0  3  1  3  5  0  0
      3    2  3  9  0  0  0  2  2  5  0  0  0
      2    5  1  8  5  6  7  5  1  2  2  5  5
      2    4  1  8  5  9  0  4  1  3  4  4  0
      2    5  1  8  5  6  7  5  1  1  4  4  5
      2    5  1  8  5  6  7  5  1  1  4  5  5
      2    5  1  8  5  6  9  5  1  1  4  5  5
      2    4  8  1  5  2  0  4  1  2  4  5  0
      2    5  1  8  7  5  6  5  1  3  3  3  5
      2    3  1  8  9  0  0  3  1  3  5  0  0
      2    4  1  8  9  6  0  4  1  3  3  5  0
      3    3  3  8  2  0  0  3  1  3  5  0  0
      2    4  1  8  2  7  0  4  1  2  5  5  0
      2    4  1  8  6  2  0  4  2  2  3  5  0
      2    4  1  8  2  3  0  4  1  2  5  5  0
      2    4  1  8  4  7  0  4  1  1  4  5  0
      3    3  3  2  5  0  0  3  1  3  4  0  0
      3    4  3  2  7  5  0  4  1  2  4  5  0
      3    3  3  2  9  0  0  3  1  3  5  0  0
      3    4  3  2  9  5  0  4  1  2  5  5  0
      2    4  1  2  6  5  0  4  1  2  4  5  0
      2    3  1  2  8  0  0  3  1  3  5  0  0
      3    4  3  2  6  4  0  4  1  2  4  5  0
      2    5  1  4  3  2  5  5  1  2  3  4  5
      2    4  1  2  3  6  0  4  1  2  4  5  0
      2    4  2  1  3  4  0  4  1  2  4  5  0
      3    5  3  1  2  4  6  5  1  2  3  4  5
      2    5  1  4  5  9  6  5  1  1  2  5  5
      2    4  4  1  2  7  0  4  1  2  4  5  0
      2    4  1  4  9  5  0  4  1  1  4  5  0
      3    4  3  4  2  8  0  4  1  2  4  5  0
      2    5  4  1  6  3  2  5  1  2  2  5  5
      2    4  1  8  4  5  0  4  1  2  4  5  0
      2    5  4  1  3  2  6  5  1  2  3  4  5
      2    4  1  8  3  7  0  4  1  2  5  5  0
      2    4  1  7  5  8  0  4  1  2  4  5  0
      2    4  5  7  6  1  0  4  1  2  4  5  0
      2    4  7  5  8  2  0  4  1  2  4  5  0
      2    3  2  7  5  0  0  3  1  3  5  0  0
      2    5  7  1  5  6  8  5  1  1  4  4  5
      2    5  7  1  5  8  6  5  1  1  4  5  5
      2    4  7  1  5  8  0  4  1  3  3  4  0
      2    3  7  6  8  0  0  3  1  3  5  0  0
      2    3  6  7  2  0  0  3  1  3  5  0  0
      2    5  7  8  1  5  6  5  1  2  3  4  5
      2    3  4  7  8  0  0  3  1  3  5  0  0
      2    3  8  7  3  0  0  3  1  3  5  0  0
      2    3  7  2  6  0  0  3  1  3  5  0  0
      2    4  7  2  4  3  0  4  1  2  5  5  0
      2    5  2  4  3  7  9  5  1  2  2  5  5
      2    5  2  7  4  3  8  5  1  1  3  5  5
      2    4  2  7  3  4  0  4  1  2  4  5  0
      2    3  7  3  5  0  0  3  1  3  5  0  0
      2    3  9  7  6  0  0  3  1  3  5  0  0
      2    4  9  6  5  1  0  4  1  2  4  5  0
      2    4  9  6  1  5  0  4  1  3  4  4  0
      2    4  9  6  2  3  0  4  2  2  3  5  0
      2    3  9  8  1  0  0  3  2  2  5  0  0
      2    3  9  8  6  0  0  3  1  3  5  0  0
      2    3  9  2  5  0  0  3  1  3  5  0  0
      2    4  9  2  6  1  0  4  1  2  5  5  0
      2    3  4  9  1  0  0  3  1  3  5  0  0
      2    3  9  3  2  0  0  3  1  3  5  0  0
      2    4  6  5  1  7  0  4  1  2  4  5  0
      2    4  6  5  1  9  0  4  1  1  5  5  0
      2    4  6  5  1  2  0  4  1  2  5  5  0
      2    5  6  5  2  1  3  5  1  1  4  5  5
      2    5  6  3  5  2  4  5  1  1  4  5  5
      2    5  6  2  1  5  4  5  1  2  3  4  5
      2    4  6  1  3  5  0  4  1  2  4  5  0
      2    4  6  1  5  7  0  4  1  2  4  5  0
      2    5  6  1  2  4  3  5  1  2  3  4  5
      2    3  6  7  5  0  0  3  1  3  5  0  0
      2    4  6  8  5  1  0  4  1  2  4  5  0
      2    4  6  2  5  1  0  4  1  3  4  4  0
      2    4  6  2  5  3  0  4  1  2  5  5  0
      2    3  6  2  1  0  0  3  1  3  5  0  0
      2    3  2  9  6  0  0  3  1  3  5  0  0
      2    3  6  2  8  0  0  3  1  3  5  0  0
      2    5  6  2  4  3  5  5  1  2  2  5  5
      2    5  3  6  2  4  5  5  1  2  3  4  5
      2    3  6  4  7  0  0  3  1  3  5  0  0
      2    4  6  4  2  7  0  4  2  2  3  5  0
      2    5  6  4  3  2  5  5  1  2  2  5  5
      2    4  8  5  1  7  0  4  1  2  5  5  0
      2    4  8  5  1  6  0  4  1  2  4  5  0
      2    3  8  5  9  0  0  3  1  3  5  0  0
      2    3  5  3  8  0  0  3  1  3  5  0  0
      2    4  8  1  7  9  0  4  1  2  4  5  0
      2    3  8  1  6  0  0  3  2  2  5  0  0
      2    4  8  1  6  5  0  4  1  2  4  5  0
      2    4  8  1  7  6  0  4  1  2  4  5  0
      2    3  8  3  1  0  0  3  2  2  5  0  0
      2    4  8  7  5  1  0  4  1  2  4  5  0
      2    5  8  7  1  5  6  5  1  1  4  5  5
      2    4  8  7  1  3  0  4  1  2  4  5  0
      2    5  7  2  8  4  3  5  1  1  4  5  5
      2    5  8  7  4  2  5  5  1  1  4  5  5
      2    2  8  6  0  0  0  2  1  5  0  0  0
      2    3  8  6  1  0  0  3  1  3  5  0  0
      2    5  8  2  5  1  7  5  1  2  3  4  5
      2    4  8  7  2  1  0  4  2  2  3  5  0
      2    3  8  2  4  0  0  3  1  3  5  0  0
      2    5  2  4  8  3  5  5  1  2  3  4  5
      2    3  8  4  1  0  0  3  1  3  5  0  0
      2    3  8  4  3  0  0  3  2  2  5  0  0
      2    3  8  3  1  0  0  3  1  3  5  0  0
      2    4  3  8  4  2  0  4  1  2  4  5  0
      1    5  5  1  7  9  6  5  1  1  4  5  5
      1    4  1  5  7  6  0  4  1  2  4  5  0
      1    5  5  7  1  6  9  5  1  2  3  4  5
      1    5  1  7  6  5  8  5  1  2  3  4  5
      1    5  1  7  5  6  8  5  1  2  3  4  5
      1    5  5  1  7  6  3  5  1  1  4  5  5
      1    5  5  1  7  8  9  5  1  2  2  5  5
      2    3  5  2  8  0  0  3  2  3  3  0  0
      1    5  5  1  7  2  9  5  1  1  3  5  5
      1    5  1  5  9  7  6  5  1  2  2  5  5
      1    4  5  9  4  1  0  4  1  2  4  5  0
      1    4  5  1  9  3  0  4  1  2  5  5  0
      1    5  5  1  6  9  7  5  1  1  4  5  5
      1    5  5  1  6  7  9  5  1  1  4  5  5
      1    5  1  5  6  9  7  5  1  2  2  5  5
      1    5  5  1  9  6  2  5  1  2  3  4  4
      2    4  2  1  5  4  0  4  1  3  3  4  0
      1    5  5  1  6  8  2  5  1  1  4  4  5
      1    5  1  6  5  2  4  5  1  1  4  5  5
      1    4  1  6  5  4  0  4  1  1  5  5  0
      2    3  1  2  9  0  0  3  1  3  5  0  0
      1    5  5  1  6  4  7  5  1  1  4  5  5
      2    4  2  1  5  6  0  4  1  2  4  5  0
      1    5  1  5  8  7  6  5  1  1  4  4  5
      1    5  5  1  8  6  9  5  1  2  3  4  5
      1    5  5  1  6  8  7  5  1  1  4  5  5
      1    4  5  1  2  6  0  4  1  2  4  5  0
      1    5  5  1  2  4  7  5  1  1  4  5  5
      1    5  5  1  2  4  3  5  1  1  3  5  5
      1    5  5  2  1  3  6  5  1  1  3  5  5
      1    5  5  2  1  3  6  5  1  1  4  4  5
      1    5  5  1  2  3  4  5  1  2  3  4  5
      2    4  2  3  1  7  0  4  1  1  5  5  0
      1    4  5  1  4  7  0  4  1  3  3  5  0
      1    4  5  1  4  6  0  4  1  2  4  5  0
      1    5  5  1  4  7  6  5  1  1  4  5  5
      1    3  5  1  3  0  0  3  2  2  5  0  0
      1    5  5  1  3  7  6  5  1  1  4  4  5
      1    5  5  7  9  1  6  5  1  1  4  5  5
      2    3  2  7  1  0  0  3  1  3  5  0  0
      1    4  5  7  1  6  0  4  1  2  5  5  0
      1    5  5  7  1  6  8  5  1  3  3  3  4
      1    5  5  1  7  6  8  5  1  1  4  5  5
      1    5  7  5  1  6  2  5  1  1  4  5  5
      1    5  5  7  1  6  4  5  1  2  3  4  5
      1    5  7  1  5  4  6  5  1  1  4  5  5
      1    5  5  7  1  6  8  5  1  2  3  4  5
      1    5  5  1  8  7  2  5  1  2  3  4  5
      1    5  5  7  1  8  2  5  1  1  4  5  5
      1    5  1  5  7  8  4  5  1  2  2  5  5
      1    5  5  7  1  8  3  5  2  2  2  4  5
      1    3  5  7  9  0  0  3  1  3  5  0  0
      2    4  7  2  3  1  0  4  1  3  3  5  0
      1    5  5  7  6  1  2  5  1  1  4  5  5
      1    5  6  5  7  8  1  5  1  2  2  5  5
      1    5  5  7  6  8  9  5  1  1  4  5  5
      1    5  5  7  8  6  2  5  2  2  2  4  5
      1    4  5  7  2  6  0  4  1  3  3  5  0
      1    5  5  7  2  6  8  5  1  1  4  5  5
      1    5  5  7  6  2  4  5  1  1  4  5  5
      2    4  2  9  6  8  0  4  1  3  3  5  0
      1    5  5  7  8  6  1  5  1  2  2  5  5
      1    5  5  7  8  6  1  5  1  1  4  5  5
      1    5  7  5  1  4  8  5  1  1  4  4  5
      2    4  2  6  5  1  0  4  1  2  5  5  0
      1    5  5  7  8  6  2  5  1  2  4  4  4
      1    5  5  7  8  2  1  5  1  1  2  5  5
      1    5  5  7  8  2  4  5  1  2  4  4  4
      1    5  5  8  7  4  3  5  1  1  3  5  5
      2    5  2  6  5  3  4  5  1  2  2  5  5
      1    5  5  7  2  3  4  5  1  2  3  4  5
      1    5  5  2  4  7  3  5  1  2  2  5  5
      2    3  2  6  1  0  0  3  1  3  5  0  0
      1    5  2  5  7  4  3  5  1  2  3  4  5
      1    4  5  7  1  4  0  4  1  3  3  5  0
      1    3  5  3  7  0  0  3  2  2  5  0  0
      2    4  2  6  1  9  0  4  1  3  3  5  0
      1    5  5  7  3  8  1  5  1  1  4  5  5
      1    5  5  9  1  2  8  5  1  1  4  5  5
      1    4  5  9  6  1  0  4  2  2  3  5  0
      1    5  5  9  6  1  2  5  1  1  4  5  5
      1    5  5  9  6  2  4  5  1  1  4  5  5
      1    5  5  9  6  3  2  5  1  1  4  5  5
      2    5  2  6  9  4  3  5  1  1  4  5  5
      1    5  5  9  6  4  3  5  1  1  3  5  5
      1    3  5  9  2  0  0  3  1  3  5  0  0
      2    3  2  6  4  0  0  3  1  3  5  0  0
      1    5  5  6  1  7  8  5  1  2  2  5  5
      1    5  5  6  2  1  7  5  1  2  3  4  5
      1    4  1  5  6  9  0  4  1  2  4  5  0
      1    5  5  6  1  8  9  5  1  1  4  4  5
      1    5  5  6  1  8  2  5  1  2  2  5  5
      1    4  5  6  2  1  0  4  1  1  5  5  0
      1    5  5  6  1  2  9  5  1  2  3  4  5
      1    5  5  6  1  2  4  5  1  1  4  5  5
      1    5  5  6  1  2  3  5  1  3  3  4  4
      1    4  5  6  1  3  0  4  1  2  5  5  0
      1    4  5  6  7  1  0  4  1  2  4  5  0
      2    5  2  8  7  3  4  5  1  1  3  5  5
      1    5  5  6  8  7  1  5  1  1  4  5  5
      1    5  6  5  8  7  2  5  1  1  4  5  5
      1    4  6  5  7  2  0  4  1  2  4  5  0
      1    5  5  6  7  2  4  5  1  2  2  5  5
      1    4  5  6  7  4  0  4  1  2  5  5  0
      2    3  2  8  4  0  0  3  2  3  4  0  0
      1    5  5  6  9  1  7  5  1  2  3  4  5
      1    5  5  6  9  1  8  5  1  2  3  4  5
      2    4  2  8  4  1  0  4  2  2  3  5  0
      1    5  5  6  9  2  4  5  1  1  3  5  5
      1    5  5  6  4  9  2  5  1  1  3  5  5
      1    5  5  6  9  3  4  5  1  1  4  4  5
      1    4  5  8  6  1  0  4  1  2  4  5  0
      1    4  5  6  8  7  0  4  1  2  5  5  0
      1    5  5  7  6  8  1  5  1  2  3  4  5
      1    5  5  6  8  7  2  5  1  1  4  5  5
      2    4  2  3  8  4  0  4  1  2  5  5  0
      1    5  5  6  8  4  2  5  1  1  4  4  5
      1    4  5  6  2  7  0  4  2  2  3  5  0
      1    5  5  6  2  7  4  5  1  1  4  5  5
      1    4  5  6  2  8  0  4  1  3  3  5  0
      1    5  5  6  2  8  7  5  1  1  4  5  5
      1    4  5  6  2  4  0  4  2  2  3  5  0
      1    5  5  6  2  3  4  5  1  2  2  5  5
      2    4  2  4  1  3  0  4  1  2  5  5  0
      1    5  5  6  2  4  3  5  1  1  4  5  5
      1    5  5  6  2  4  3  5  1  1  3  5  5
      1    4  5  6  3  2  0  4  1  2  5  5  0
      1    5  5  6  3  2  8  5  1  2  2  5  5
      1    5  5  6  2  3  4  5  1  1  4  5  5
      1    5  5  6  2  3  4  5  1  1  3  5  5
      2    3  2  4  6  0  0  3  2  3  3  0  0
      1    4  6  5  4  7  0  4  1  2  4  5  0
      1    4  5  6  4  8  0  4  1  3  4  4  0
      1    5  5  6  4  2  1  5  1  2  3  4  5
      1    5  5  4  6  2  3  5  1  1  3  5  5
      1    5  5  6  4  3  2  5  1  2  4  4  4
      1    5  5  6  4  3  2  5  1  1  4  5  5
      1    3  5  6  3  0  0  3  2  3  3  0  0
      1    5  5  3  6  7  8  5  1  2  3  4  5
      1    5  5  6  3  9  8  5  2  2  2  4  5
      2    5  2  4  3  5  6  5  1  1  4  5  5
      1    4  5  8  1  7  0  4  1  2  5  5  0
      1    5  5  1  8  7  6  5  1  1  4  5  5
      2    5  2  4  3  5  6  5  1  1  3  5  5
      1    4  5  8  1  4  0  4  1  2  5  5  0
      1    5  5  7  8  1  6  5  1  1  2  5  5
      1    5  5  8  7  1  2  5  1  1  4  5  5
      1    5  5  8  7  9  1  5  1  1  4  4  5
      1    5  5  7  8  6  1  5  1  2  3  4  5
      1    5  5  7  8  2  4  5  2  2  3  3  5
      2    5  2  3  4  1  7  5  1  2  3  4  5
      1    3  5  8  9  0  0  3  1  3  5  0  0
      1    5  5  8  9  6  7  5  1  1  3  5  5
      2    5  2  4  3  1  6  5  1  2  3  4  5
      1    5  8  5  2  1  6  5  1  1  3  5  5
      1    4  5  2  6  8  0  4  1  2  4  5  0
      2    5  2  4  3  7  5  5  1  1  4  5  5
      1    5  5  8  2  4  3  5  1  2  4  4  4
      1    5  5  3  8  4  2  5  2  2  3  3  5
      2    5  2  4  3  7  1  5  1  1  4  4  5
      1    4  5  2  1  6  0  4  1  1  5  5  0
      1    3  2  5  7  0  0  3  1  3  5  0  0
      1    4  5  2  7  6  0  4  1  2  4  5  0
      1    4  5  2  6  1  0  4  1  2  4  5  0
      1    4  5  2  6  9  0  4  1  2  4  5  0
      2    5  2  4  3  9  5  5  1  1  4  5  5
      1    5  5  6  2  9  3  5  1  1  4  5  5
      1    4  5  2  6  8  0  4  1  2  5  5  0
      1    4  5  2  6  4  0  4  1  2  4  5  0
      2    5  2  4  3  9  6  5  1  2  2  5  5
      1    5  5  2  6  4  3  5  1  3  3  4  4
      1    5  5  2  6  3  4  5  1  2  2  5  5
      1    4  2  5  1  8  0  4  1  2  4  5  0
      1    5  5  2  8  4  3  5  1  1  4  5  5
      1    3  5  2  4  0  0  3  1  3  5  0  0
      1    4  5  2  4  1  0  4  1  2  4  5  0
      1    5  5  2  4  1  7  5  2  2  3  3  5
      1    4  2  5  4  6  0  4  1  2  4  5  0
      1    5  5  2  4  3  1  5  1  2  3  4  5
      1    5  5  2  3  4  1  5  1  2  3  4  5
      1    5  5  2  4  3  1  5  1  1  4  5  5
      2    5  2  4  3  6  9  5  1  2  2  5  5
      1    5  5  4  3  2  9  5  1  2  2  5  5
      2    5  2  3  4  6  9  5  1  1  3  5  5
      1    5  5  3  2  4  9  5  1  2  3  4  5
      1    5  5  2  3  4  6  5  1  1  4  5  5
      1    5  2  4  5  3  6  5  1  1  4  5  5
      1    5  5  2  3  4  8  5  1  2  2  5  5
      1    5  5  3  2  4  8  5  1  1  4  4  5
      1    4  5  2  3  7  0  4  2  2  3  5  0
      2    5  2  3  4  8  1  5  1  2  3  4  5
      1    4  5  2  3  9  0  4  1  3  4  4  0
      1    4  5  2  3  6  0  4  1  2  4  5  0
      1    5  3  5  2  8  6  5  1  2  3  4  5
      2    5  2  3  7  4  8  5  1  2  3  4  5
      1    3  5  4  1  0  0  3  2  2  5  0  0
      1    3  5  4  6  0  0  3  1  3  5  0  0
      1    5  5  4  6  3  2  5  1  2  3  4  5
      1    5  5  8  4  7  2  5  1  1  3  5  5
      1    5  4  5  2  1  3  5  1  2  3  4  5
      1    5  4  5  2  3  6  5  1  2  4  4  4
      2    5  2  3  4  6  8  5  1  1  3  5  5
      1    5  5  4  2  8  3  5  1  2  3  4  5
      1    5  5  4  3  2  7  5  1  2  3  4  5
      1    5  5  4  3  2  6  5  1  2  2  5  5
      1    3  5  3  1  0  0  3  1  3  5  0  0
      1    4  5  3  1  7  0  4  1  2  4  5  0
      1    5  3  5  1  9  7  5  1  3  3  3  5
      1    4  5  3  1  6  0  4  1  2  4  5  0
      1    5  5  3  1  4  2  5  1  1  4  4  5
      1    4  3  5  7  2  0  4  1  2  5  5  0
      1    3  5  3  9  0  0  3  1  3  5  0  0
      2    4  2  3  5  4  0  4  2  2  3  5  0
      1    3  5  3  6  0  0  3  1  3  5  0  0
      1    5  5  3  6  9  7  5  1  1  4  5  5
      2    4  2  3  1  7  0  4  1  2  4  5  0
      1    5  3  5  6  4  2  5  1  1  4  4  5
      1    4  5  3  8  7  0  4  1  2  4  5  0
      1    5  5  6  3  2  4  5  1  1  4  4  5
      1    4  5  3  2  4  0  4  1  2  4  5  0
      1    5  5  3  2  9  4  5  1  2  2  5  5
      2    4  7  2  3  8  0  4  2  3  3  3  0
      1    5  5  2  3  8  4  5  1  1  4  5  5
      1    4  5  3  4  2  0  4  1  3  3  4  0
      2    3  2  3  9  0  0  3  2  2  5  0  0
      1    5  5  3  2  4  6  5  1  1  4  5  5
      1    4  1  5  9  7  0  4  1  2  4  5  0
      1    5  1  7  5  8  9  5  1  2  3  4  5
      2    4  3  2  6  1  0  4  1  2  5  5  0
      1    5  1  5  9  7  8  5  1  2  3  4  5
      1    5  1  5  7  9  8  5  1  1  4  5  5
      1    5  1  5  7  6  9  5  1  1  4  5  5
      1    5  1  5  6  7  8  5  1  1  4  5  5
      2    4  2  3  8  7  0  4  1  2  4  5  0
      1    5  1  7  5  6  2  5  2  2  3  3  5
      1    5  7  1  5  8  6  5  1  3  3  3  5
      1    5  1  5  7  6  8  5  1  1  4  4  5
      2    5  2  3  8  4  5  5  1  1  4  5  5
      1    5  1  5  7  2  4  5  1  1  4  5  5
      1    4  1  5  7  4  0  4  2  2  3  5  0
      1    5  1  5  9  7  8  5  1  1  3  5  5
      2    5  2  3  4  5  1  5  1  1  3  5  5
      1    5  1  5  9  7  8  5  1  1  4  5  5
      1    4  1  5  9  8  0  4  1  2  5  5  0
      1    4  1  5  2  9  0  4  2  2  3  5  0
      1    5  1  5  9  2  6  5  1  2  2  5  5
      1    5  1  9  5  2  4  5  1  1  4  5  5
      2    5  3  4  2  1  5  5  1  1  4  5  5
      1    5  5  1  6  9  2  5  1  2  3  4  5
      1    5  1  5  6  7  8  5  1  1  4  4  5
      1    5  1  5  6  8  7  5  1  1  4  5  5
      1    5  1  5  6  8  7  5  1  2  2  5  5
      1    5  1  5  6  8  2  5  2  2  3  3  5
      1    5  1  6  5  8  4  5  1  2  3  4  5
      1    5  6  1  5  2  4  5  1  1  3  5  5
      2    5  3  2  4  7  8  5  1  2  3  4  5
      1    5  1  6  5  4  2  5  1  1  4  5  5
      1    5  1  5  6  2  4  5  2  2  3  3  4
      1    5  1  6  2  5  3  5  1  1  4  5  5
      1    4  1  5  6  4  0  4  1  2  4  5  0
      1    5  1  5  6  3  9  5  1  2  2  5  5
      1    5  1  5  6  3  2  5  1  1  4  5  5
      2    5  2  3  4  5  6  5  1  2  3  4  5
      1    5  1  5  8  7  9  5  1  1  3  5  5
      1    5  1  8  5  7  6  5  1  1  4  5  5
      2    5  2  4  3  6  7  5  1  2  3  4  5
      1    5  1  5  8  7  2  5  1  2  3  4  5
      2    5  3  4  2  6  9  5  1  1  4  5  5
      1    5  1  5  8  6  7  5  1  1  4  5  5
      1    4  1  5  2  8  0  4  1  3  3  5  0
      1    5  1  5  8  3  7  5  1  1  4  5  5
      1    5  1  5  2  7  6  5  1  2  3  4  5
      1    4  5  1  2  6  0  4  1  2  5  5  0
      2    5  2  3  4  8  5  5  1  1  4  5  5
      1    5  1  5  2  6  4  5  1  1  3  5  5
      1    5  1  5  2  4  3  5  1  1  4  4  5
      1    4  1  5  2  3  0  4  1  3  3  5  0
      1    4  1  5  4  7  0  4  1  2  4  5  0
      1    5  1  5  4  3  2  5  1  2  2  5  5
      1    5  1  5  3  8  9  5  1  1  4  5  5
      1    5  1  5  3  8  2  5  1  2  4  4  4
      1    5  1  5  3  2  6  5  1  1  4  5  5
      1    4  1  5  7  9  0  4  1  2  5  5  0
      1    5  5  1  7  9  6  5  1  2  2  5  5
      1    5  1  7  5  9  6  5  1  3  3  4  4
      1    5  1  7  5  9  8  5  1  2  2  5  5
      1    5  1  7  5  6  9  5  1  2  3  4  5
      2    3  4  2  5  0  0  3  1  3  5  0  0
      1    5  7  1  5  6  9  5  1  2  3  4  5
      1    5  1  5  7  6  8  5  1  1  4  5  5
      1    5  7  1  5  6  8  5  1  2  3  4  5
      2    4  4  1  5  6  0  4  1  2  4  5  0
      1    5  1  7  5  8  9  5  2  2  2  4  5
      1    5  7  1  5  8  6  5  1  2  3  4  5
      1    5  1  7  8  6  5  5  1  1  4  4  5
      1    5  1  7  5  8  6  5  1  2  4  4  4
      2    4  4  8  7  1  0  4  1  2  4  5  0
      1    5  1  7  5  2  9  5  1  1  4  5  5
      1    5  7  1  5  2  4  5  1  1  4  5  5
      1    5  1  7  9  5  6  5  1  2  2  5  5
      1    5  7  1  9  5  6  5  1  1  4  5  5
      1    4  1  7  9  6  0  4  1  2  4  5  0
      1    5  1  7  6  9  5  5  1  2  2  5  5
      1    5  1  7  9  6  5  5  1  2  2  5  5
      2    4  4  1  8  9  0  4  1  2  4  5  0
      1    5  1  7  9  6  5  5  1  1  4  5  5
      2    4  4  1  2  8  0  4  1  2  4  5  0
      1    5  7  1  9  6  2  5  1  2  3  4  5
      2    5  4  1  2  3  7  5  1  1  4  5  5
      1    4  9  1  7  8  0  4  1  3  3  5  0
      2    5  4  1  2  3  5  5  2  2  2  4  5
      1    5  1  6  8  7  9  5  1  2  3  4  4
      1    5  1  7  6  8  2  5  1  1  4  4  5
      2    4  4  1  5  3  0  4  1  2  4  5  0
      1    4  1  7  2  6  0  4  1  2  5  5  0
      1    5  1  7  6  2  5  5  1  1  4  4  5
      1    4  7  6  1  3  0  4  1  2  5  5  0
      2    2  7  4  0  0  0  2  1  5  0  0  0
      1    5  1  7  8  5  9  5  1  1  3  5  5
      1    5  1  7  5  8  6  5  1  2  3  4  5
      1    5  1  7  5  8  6  5  1  1  4  5  5
      1    5  1  7  8  9  5  5  1  1  3  5  5
      2    3  6  4  5  0  0  3  1  3  5  0  0
      1    5  1  8  7  6  5  5  1  2  4  4  4
      1    5  1  7  2  4  8  5  1  1  3  5  5
      1    4  1  7  2  5  0  4  1  2  4  5  0
      2    3  4  8  7  0  0  3  1  3  5  0  0
      1    5  7  1  2  5  6  5  1  2  3  4  5
      1    4  1  7  2  6  0  4  2  2  3  5  0
      1    5  1  2  7  6  5  5  1  1  4  5  5
      1    5  1  7  2  6  5  5  2  2  2  4  5
      1    5  1  7  2  6  9  5  1  1  4  5  5
      1    5  1  2  7  6  4  5  1  2  4  4  4
      1    4  1  2  7  8  0  4  1  2  4  5  0
      1    5  1  2  7  8  4  5  1  1  4  5  5
      1    5  1  7  2  4  3  5  2  2  2  4  5
      2    4  4  2  1  3  0  4  1  2  5  5  0
      1    4  1  2  7  3  0  4  1  2  4  5  0
      1    4  1  7  4  9  0  4  1  2  5  5  0
      2    3  4  2  9  0  0  3  1  3  5  0  0
      2    3  4  6  2  0  0  3  1  3  5  0  0
      1    5  1  7  4  6  5  5  1  1  4  5  5
      1    5  1  7  4  3  2  5  1  1  3  5  5
      1    4  1  9  5  7  0  4  1  2  4  5  0
      1    5  1  9  5  7  8  5  1  3  3  3  5
      1    5  1  9  5  6  7  5  1  3  3  3  5
      1    5  1  9  5  6  2  5  1  1  4  4  5
      1    5  1  9  5  8  7  5  1  2  3  4  5
      1    4  1  9  2  5  0  4  1  2  5  5  0
      1    3  1  9  7  0  0  3  1  3  5  0  0
      2    4  4  2  3  9  0  4  2  2  3  5  0
      1    5  9  1  7  5  6  5  1  2  2  5  5
      1    5  1  9  7  5  6  5  1  2  2  5  5
      2    5  4  2  6  5  3  5  1  1  4  5  5
      1    4  1  9  7  2  0  4  1  2  4  5  0
      1    5  1  9  5  6  3  5  1  2  3  4  5
      2    5  4  2  3  8  5  5  1  2  2  5  5
      1    5  1  9  6  7  5  5  1  2  3  4  5
      1    5  1  6  9  7  8  5  1  1  3  5  5
      1    4  1  9  6  8  0  4  2  2  3  5  0
      1    5  1  9  6  8  2  5  1  1  4  5  5
      2    3  3  4  1  0  0  3  1  3  5  0  0
      1    5  1  9  2  6  4  5  1  1  4  5  5
      1    4  1  9  6  4  0  4  1  2  4  5  0
      2    3  4  3  6  0  0  3  1  3  5  0  0
      1    4  1  9  8  5  0  4  1  1  5  5  0
      1    5  1  9  8  5  7  5  1  2  2  5  5
      1    3  1  9  2  0  0  3  1  3  5  0  0
      1    4  1  9  2  7  0  4  1  2  4  5  0
      1    4  9  1  2  4  0  4  1  2  5  5  0
      1    5  1  2  9  8  4  5  1  1  4  5  5
      1    5  1  9  2  4  3  5  1  3  3  3  5
      2    4  4  2  3  7  0  4  1  2  4  5  0
      1    5  1  2  9  4  3  5  1  1  4  5  5
      1    5  1  9  2  4  3  5  1  1  4  5  5
      1    4  1  2  9  3  0  4  1  2  4  5  0
      1    3  9  1  4  0  0  3  1  3  5  0  0
      1    4  1  9  3  2  0  4  1  2  4  5  0
      2    4  4  3  2  8  0  4  1  2  5  5  0
      1    4  1  6  5  7  0  4  1  2  5  5  0
      1    5  1  5  7  6  8  5  1  3  3  4  4
      1    5  1  6  5  7  8  5  1  1  3  5  5
      1    5  1  6  5  7  8  5  1  1  4  5  5
      2    4  3  5  7  2  0  4  2  2  3  5  0
      1    5  1  5  6  7  8  5  1  2  3  4  5
      1    5  1  6  5  7  2  5  1  1  4  5  5
      1    5  1  6  5  4  7  5  1  1  4  5  5
      1    5  1  6  5  9  2  5  1  2  2  5  5
      2    5  3  5  4  2  6  5  1  2  2  5  5
      1    4  1  6  5  8  0  4  1  2  4  5  0
      1    5  1  6  5  8  7  5  1  1  4  5  5
      1    5  1  6  5  8  7  5  1  1  4  4  5
      1    5  1  6  5  2  9  5  1  1  4  5  5
      1    5  1  6  5  2  3  5  1  1  4  4  5
      1    5  1  6  5  4  3  5  1  1  4  5  5
      2    4  3  1  5  2  0  4  1  2  4  5  0
      1    5  1  6  5  3  4  5  1  1  4  5  5
      1    5  1  6  7  5  8  5  1  1  4  5  5
      1    5  1  7  6  2  4  5  1  1  3  5  5
      1    5  1  6  7  2  3  5  1  2  3  4  5
      1    5  1  9  6  7  2  5  1  2  3  4  4
      1    5  1  6  9  2  4  5  1  2  3  4  5
      1    5  1  6  9  3  2  5  1  1  4  5  5
      2    4  3  1  6  8  0  4  1  3  3  5  0
      1    5  1  8  6  5  7  5  1  1  4  5  5
      1    5  1  7  6  8  5  5  1  1  4  4  5
      2    3  3  1  8  0  0  3  1  3  5  0  0
      1    5  8  1  6  5  7  5  1  2  3  4  5
      1    5  1  6  8  5  9  5  1  3  3  4  4
      1    5  6  1  8  7  5  5  1  2  2  5  5
      1    5  6  1  8  7  3  5  1  1  4  4  5
      1    4  1  6  8  2  0  4  1  3  4  4  0
      1    5  1  6  8  9  2  5  1  1  4  5  5
      1    5  1  6  8  2  4  5  1  1  4  5  5
      1    4  1  6  4  8  0  4  1  1  4  5  0
      1    5  1  6  2  5  4  5  1  1  4  4  5
      1    5  1  2  6  7  5  5  1  2  3  4  5
      1    5  1  6  7  2  5  5  1  2  3  4  5
      2    4  3  1  2  4  0  4  1  2  4  5  0
      1    5  1  6  2  4  3  5  1  1  4  5  5
      1    5  1  6  4  2  3  5  1  2  3  4  5
      1    5  1  6  2  4  3  5  1  2  3  4  5
      2    3  3  1  7  0  0  3  1  3  4  0  0
      1    5  1  6  2  3  5  5  1  1  4  5  5
      1    5  1  6  4  2  3  5  1  1  4  4  5
      1    4  1  6  4  3  0  4  1  2  4  5  0
      2    4  3  7  8  2  0  4  1  1  5  5  0
      1    5  1  4  6  5  3  5  1  2  3  4  5
      1    5  1  2  3  6  4  5  1  2  3  4  5
      1    4  1  6  3  5  0  4  1  2  4  5  0
      1    4  1  6  3  7  0  4  1  2  4  5  0
      1    5  1  6  3  2  8  5  1  2  3  4  5
      2    4  3  7  2  8  0  4  1  2  5  5  0
      1    5  1  6  2  3  4  5  1  2  3  4  5
      1    5  8  1  5  7  6  5  1  1  3  5  5
      1    5  1  8  5  9  4  5  2  2  2  4  5
      1    5  1  8  5  6  9  5  1  1  3  5  5
      1    4  1  8  5  3  0  4  2  2  3  5  0
      1    5  1  8  7  5  9  5  1  1  4  5  5
      1    5  1  8  7  5  6  5  2  2  2  4  5
      2    4  3  6  8  7  0  4  1  2  5  5  0
      1    5  1  8  7  6  5  5  2  2  2  4  5
      1    5  1  8  7  5  3  5  1  1  3  5  5
      1    4  1  8  7  9  0  4  1  1  5  5  0
      1    5  1  8  9  7  5  5  1  1  4  5  5
      1    5  1  7  8  6  5  5  1  2  3  4  5
      1    5  1  8  7  2  4  5  1  1  4  5  5
      1    5  1  8  7  3  2  5  1  1  4  5  5
      2    3  3  5  8  0  0  3  1  3  5  0  0
      1    4  1  8  9  5  0  4  1  2  4  5  0
      1    5  1  9  8  5  6  5  1  1  3  5  5
      1    5  1  8  9  7  5  5  1  1  4  4  5
      2    4  3  8  7  1  0  4  1  2  5  5  0
      1    5  1  8  6  5  7  5  1  2  4  4  4
      1    5  1  8  6  5  4  5  1  2  3  4  5
      2    3  3  8  6  0  0  3  1  3  5  0  0
      1    5  1  8  6  7  5  5  1  3  3  3  5
      1    4  1  8  2  6  0  4  1  2  4  5  0
      1    5  1  8  2  7  5  5  2  2  2  4  5
      1    5  1  2  8  4  3  5  1  2  3  4  5
      1    5  1  2  8  3  7  5  1  1  4  5  5
      2    5  3  8  2  4  1  5  1  2  3  4  5
      1    5  1  8  4  5  7  5  1  1  4  5  5
      1    4  1  8  4  3  0  4  1  2  4  5  0
      1    5  1  8  3  4  7  5  1  3  3  4  4
      1    5  1  8  4  3  2  5  1  1  3  5  5
      2    4  3  2  5  6  0  4  1  1  5  5  0
      1    4  1  2  5  9  0  4  1  2  4  5  0
      1    5  1  2  5  9  6  5  1  1  3  5  5
      1    5  2  5  1  9  4  5  1  1  3  5  5
      1    4  1  2  5  6  0  4  1  3  3  5  0
      1    4  1  2  5  4  0  4  1  2  4  5  0
      2    4  3  2  1  8  0  4  2  2  4  4  0
      1    5  1  5  2  4  6  5  1  2  3  4  5
      1    4  1  5  3  2  0  4  1  2  5  5  0
      1    4  1  2  7  6  0  4  1  2  5  5  0
      2    5  3  2  4  7  5  5  1  1  4  5  5
      1    5  1  2  7  6  9  5  1  1  4  5  5
      1    5  1  2  7  6  8  5  1  1  3  5  5
      1    4  1  2  7  4  0  4  1  3  3  5  0
      1    5  1  2  7  3  4  5  2  2  2  4  5
      1    4  1  2  9  8  0  4  1  2  4  5  0
      1    5  1  2  6  5  7  5  1  2  3  4  5
      1    5  1  2  6  9  7  5  1  1  4  4  5
      1    5  1  2  8  7  9  5  1  1  4  5  5
      1    5  1  6  2  8  9  5  1  1  4  5  5
      1    5  1  8  2  6  4  5  1  1  4  5  5
      1    5  1  8  2  6  3  5  1  1  3  5  5
      1    4  1  2  8  3  0  4  1  2  4  5  0
      1    5  1  2  8  3  4  5  1  1  4  5  5
      1    4  1  2  4  5  0  4  2  2  4  4  0
      1    5  1  2  7  4  5  5  1  3  3  4  4
      1    5  1  2  3  4  5  5  1  1  4  5  5
      1    5  2  1  4  3  5  5  1  2  2  5  5
      2    4  3  2  8  7  0  4  1  2  4  5  0
      1    5  1  2  4  3  5  5  1  1  4  5  5
      1    5  2  1  4  5  3  5  1  1  4  4  5
      1    5  4  1  2  3  5  5  1  2  2  5  5
      1    5  1  2  4  3  9  5  1  3  3  4  4
      1    5  1  2  4  6  3  5  1  1  4  5  5
      1    5  1  2  4  3  6  5  2  2  3  3  4
      1    5  1  4  2  6  3  5  1  2  3  4  5
      1    5  1  2  4  3  6  5  1  1  4  5  5
      1    5  1  2  4  3  8  5  1  2  2  5  5
      1    5  1  2  6  4  3  5  1  1  4  5  5
      2    5  3  2  4  1  5  5  1  1  4  5  5
      2    5  3  2  4  1  5  5  1  2  3  4  5
      1    5  1  2  4  3  9  5  1  1  3  5  5
      1    5  1  2  6  3  4  5  1  2  3  4  5
      1    5  1  2  3  4  6  5  1  1  4  4  5
      1    5  1  2  4  3  6  5  1  3  3  4  4
      1    5  1  2  3  4  6  5  1  2  3  4  5
      1    5  1  2  3  4  8  5  1  1  4  4  5
      1    4  1  5  4  9  0  4  1  2  4  5  0
      1    5  5  1  4  9  6  5  1  2  2  5  5
      1    4  1  4  5  8  0  4  2  3  3  3  0
      1    4  1  4  5  2  0  4  2  2  3  5  0
      1    5  1  5  3  4  8  5  1  2  2  5  5
      1    5  1  4  7  5  8  5  1  1  4  5  5
      1    5  4  1  5  7  2  5  1  2  3  4  5
      1    5  1  4  5  7  2  5  1  1  4  5  5
      1    5  1  4  5  3  7  5  1  1  4  5  5
      1    5  1  4  7  6  9  5  1  2  3  4  5
      1    5  4  1  7  9  8  5  1  2  4  4  4
      1    4  1  4  7  6  0  4  1  2  4  5  0
      1    5  1  7  4  6  2  5  1  1  4  5  5
      1    5  1  4  7  6  2  5  1  2  2  5  5
      1    5  1  7  4  2  3  5  1  2  4  4  4
      2    5  2  3  6  4  9  5  1  1  4  5  5
      2    5  3  2  4  6  9  5  1  2  2  5  5
      1    4  1  4  9  8  0  4  1  1  5  5  0
      1    5  4  9  1  3  5  5  1  1  3  5  5
      1    5  1  4  9  3  2  5  1  1  4  5  5
      1    4  1  4  6  8  0  4  1  2  4  5  0
      1    4  1  4  6  2  0  4  1  2  4  5  0
      1    5  1  4  6  3  5  5  1  2  2  5  5
      2    5  3  4  2  8  7  5  1  1  4  5  5
      1    5  1  4  8  5  2  5  1  1  3  5  5
      1    5  4  1  8  7  5  5  1  2  2  5  5
      2    3  3  4  1  0  0  3  2  2  5  0  0
      1    4  1  4  2  5  0  4  1  2  4  5  0
      1    5  1  4  2  5  3  5  1  1  4  5  5
      2    4  3  4  1  2  0  4  1  3  3  5  0
      1    4  2  1  4  9  0  4  1  3  3  5  0
      1    4  1  2  4  6  0  4  1  2  4  5  0
      2    3  3  4  7  0  0  3  1  3  5  0  0
      1    5  1  4  2  6  5  5  1  1  4  5  5
      2    3  3  6  4  0  0  3  1  3  5  0  0
      1    5  4  1  3  2  5  5  1  2  2  5  5
      1    5  1  4  2  3  7  5  1  1  4  5  5
      2    3  3  4  8  0  0  3  1  3  5  0  0
      1    5  1  4  2  3  9  5  1  2  3  4  5
      1    5  1  4  2  3  6  5  1  1  4  5  5
      1    5  1  4  3  2  6  5  1  1  4  5  5
      1    5  2  4  1  3  6  5  1  2  3  4  5
      1    4  4  3  1  5  0  4  1  1  5  5  0
      1    5  1  4  3  7  6  5  1  2  3  4  5
      1    5  1  4  3  7  6  5  1  2  2  5  5
      1    5  4  1  6  3  7  5  1  2  3  4  5
      1    4  1  4  3  2  0  4  1  2  5  5  0
      1    5  1  3  4  2  5  5  1  2  3  4  5
      1    5  1  4  3  2  8  5  1  1  4  5  5
      1    5  1  3  5  7  8  5  1  2  3  4  5
      1    5  1  3  5  2  4  5  1  1  4  4  5
      1    5  1  3  7  6  8  5  1  2  4  4  4
      1    3  1  3  9  0  0  3  1  3  5  0  0
      1    3  1  3  6  0  0  3  2  3  4  0  0
      1    5  1  3  2  7  5  5  1  1  4  5  5
      1    5  1  2  3  4  6  5  1  1  4  5  5
      1    5  1  3  2  4  6  5  1  1  4  4  5
      2    5  3  4  2  6  5  5  1  1  4  5  5
      1    3  1  3  4  0  0  3  1  3  5  0  0
      1    4  1  4  6  3  0  4  1  3  3  5  0
      2    5  3  4  6  1  2  5  1  2  3  4  5
      1    5  7  5  1  6  9  5  1  2  2  5  5
      1    5  7  5  1  8  6  5  1  2  3  4  5
      1    5  5  7  1  6  2  5  1  1  3  5  5
      1    3  7  9  5  0  0  3  1  3  5  0  0
      1    4  7  5  6  8  0  4  2  2  3  5  0
      1    5  7  5  6  8  2  5  1  1  4  4  5
      1    5  7  5  6  8  2  5  1  1  4  5  5
      2    5  3  4  2  8  1  5  1  1  4  5  5
      1    5  7  5  8  6  4  5  1  1  4  5  5
      1    4  7  5  8  1  0  4  1  2  4  5  0
      1    4  7  5  8  6  0  4  1  2  4  5  0
      1    5  8  7  5  2  4  5  1  3  3  3  5
      1    5  7  5  8  4  1  5  1  1  4  4  5
      2    5  4  2  3  8  6  5  1  1  4  5  5
      1    4  7  2  5  3  0  4  1  2  4  5  0
      1    3  7  5  4  0  0  3  1  3  5  0  0
      1    4  7  5  4  6  0  4  2  3  3  3  0
      1    5  7  5  3  4  2  5  1  1  4  5  5
      1    5  7  5  1  6  8  5  1  2  3  4  5
      1    5  7  1  5  6  2  5  1  1  4  5  5
      1    5  7  5  1  8  9  5  1  2  3  4  5
      1    5  7  1  5  6  8  5  2  2  2  4  5
      1    5  1  7  5  2  4  5  1  2  3  4  5
      1    5  7  1  5  9  2  5  1  1  4  5  5
      1    5  7  1  6  8  5  5  1  2  3  4  5
      1    5  7  1  6  9  8  5  1  1  4  4  5
      1    4  7  1  6  8  0  4  1  2  4  5  0
      1    5  7  1  8  6  2  5  1  3  3  4  4
      1    5  7  1  6  2  4  5  1  2  3  4  5
      1    5  1  7  3  2  6  5  1  2  2  5  5
      1    5  7  1  5  8  4  5  1  2  2  5  5
      1    4  7  1  2  8  0  4  1  1  5  5  0
      1    5  7  1  2  8  5  5  1  1  4  5  5
      1    5  7  8  1  2  4  5  1  1  3  5  5
      1    5  7  1  8  2  3  5  1  1  4  4  5
      1    3  7  1  2  0  0  3  1  3  5  0  0
      1    4  7  1  8  2  0  4  1  3  3  5  0
      1    4  7  1  3  2  0  4  1  2  5  5  0
      1    5  7  1  2  3  6  5  1  2  4  4  4
      1    3  7  1  4  0  0  3  1  3  5  0  0
      1    5  7  1  4  2  3  5  1  2  3  4  5
      1    5  7  1  4  3  2  5  1  1  4  5  5
      1    5  7  9  5  8  6  5  1  1  3  5  5
      1    3  7  9  6  0  0  3  1  3  5  0  0
      1    5  7  9  6  1  8  5  1  3  3  3  5
      1    4  7  9  6  8  0  4  1  3  3  5  0
      1    4  7  9  6  2  0  4  2  2  4  4  0
      1    4  7  9  8  5  0  4  1  2  5  5  0
      1    4  7  9  2  3  0  4  2  2  3  5  0
      1    5  7  6  5  1  8  5  1  1  4  5  5
      1    5  7  6  5  1  8  5  1  2  2  5  5
      1    4  7  6  5  8  0  4  2  2  3  5  0
      1    4  8  7  6  1  0  4  1  3  3  4  0
      1    4  7  6  1  4  0  4  1  2  4  5  0
      1    4  7  6  9  5  0  4  1  1  5  5  0
      1    4  7  6  8  2  0  4  1  1  5  5  0
      1    4  7  6  2  1  0  4  1  2  4  5  0
      1    5  7  6  2  9  5  5  1  2  3  4  5
      1    4  7  6  2  4  0  4  1  2  5  5  0
      1    5  7  4  6  2  3  5  2  2  3  3  5
      1    5  7  8  1  5  9  5  1  1  3  5  5
      1    5  8  1  7  5  6  5  1  1  4  5  5
      1    5  7  8  5  6  1  5  1  1  4  4  5
      1    5  7  8  6  1  5  5  1  3  3  3  5
      1    5  7  8  5  6  2  5  1  1  4  4  5
      1    4  7  8  5  3  0  4  1  3  3  5  0
      1    5  7  8  6  5  1  5  1  2  3  4  5
      1    5  7  1  8  5  6  5  1  1  3  5  5
      1    5  7  8  1  5  4  5  1  3  3  4  4
      1    4  7  8  1  6  0  4  1  1  5  5  0
      1    5  7  8  1  6  5  5  1  2  3  4  5
      1    4  1  7  8  2  0  4  1  2  4  5  0
      1    4  7  8  1  4  0  4  1  1  4  5  0
      1    5  7  6  8  5  2  5  1  1  4  5  5
      1    4  7  8  6  1  0  4  1  2  4  5  0
      1    5  7  8  6  1  5  5  1  1  3  5  5
      1    5  7  8  6  1  2  5  1  1  4  4  5
      1    4  7  8  6  9  0  4  1  1  5  5  0
      1    3  7  8  2  0  0  3  2  2  5  0  0
      1    5  7  8  2  1  5  5  1  1  4  5  5
      1    4  7  2  8  1  0  4  1  1  5  5  0
      1    5  8  7  2  1  3  5  1  2  2  5  5
      1    4  7  8  2  6  0  4  1  2  4  5  0
      1    5  7  8  2  6  9  5  1  1  3  5  5
      1    4  7  8  4  3  0  4  1  2  5  5  0
      1    5  3  7  4  8  2  5  1  2  2  5  5
      1    5  8  7  3  5  1  5  1  2  4  4  4
      1    4  7  3  8  2  0  4  1  2  4  5  0
      1    5  7  2  8  5  1  5  1  1  4  5  5
      1    4  7  2  8  1  0  4  1  2  4  5  0
      1    4  7  2  8  6  0  4  1  3  4  4  0
      1    4  7  2  8  3  0  4  1  2  4  5  0
      1    3  7  2  4  0  0  3  1  3  5  0  0
      1    5  7  2  4  8  3  5  1  2  3  4  5
      1    5  7  2  4  3  6  5  1  1  4  5  5
      1    4  2  7  3  5  0  4  1  2  4  5  0
      1    5  7  2  3  1  5  5  1  2  3  4  5
      1    4  7  2  3  8  0  4  1  2  4  5  0
      1    5  7  2  3  4  6  5  1  1  4  5  5
      1    4  7  4  8  6  0  4  1  1  5  5  0
      1    4  4  7  2  8  0  4  1  3  3  5  0
      1    4  7  4  2  3  0  4  1  2  5  5  0
      1    5  7  2  4  8  3  5  1  1  4  4  5
      1    5  7  3  4  5  8  5  1  1  4  4  5
      1    5  7  4  3  2  8  5  2  2  3  3  5
      1    2  7  3  0  0  0  2  1  5  0  0  0
      1    3  7  3  6  0  0  3  1  3  5  0  0
      1    5  7  3  6  8  2  5  1  2  3  4  4
      1    5  9  5  1  7  6  5  1  1  3  5  5
      1    4  9  5  7  8  0  4  1  2  4  5  0
      1    5  9  5  6  2  1  5  1  1  4  4  5
      1    5  9  6  5  1  2  5  2  2  3  3  4
      1    5  9  5  6  2  3  5  1  2  3  4  5
      1    3  9  5  8  0  0  3  1  3  5  0  0
      1    4  2  9  5  4  0  4  1  2  4  5  0
      1    5  5  9  2  3  4  5  1  2  3  4  5
      1    4  9  1  5  6  0  4  1  2  4  5  0
      1    5  9  1  5  2  6  5  1  2  3  4  5
      1    4  9  1  5  3  0  4  1  2  4  5  0
      1    3  9  1  7  0  0  3  1  3  5  0  0
      1    4  9  1  7  6  0  4  1  2  4  5  0
      1    5  1  9  6  7  5  5  1  2  4  4  4
      1    5  9  1  6  8  5  5  1  3  3  3  5
      1    5  9  1  6  2  4  5  2  2  3  3  4
      1    3  9  1  2  0  0  3  1  3  5  0  0
      1    5  9  1  2  3  4  5  1  2  2  5  5
      1    3  9  1  4  0  0  3  2  2  5  0  0
      1    3  9  3  1  0  0  3  2  2  5  0  0
      1    5  9  1  3  4  2  5  1  1  4  5  5
      1    2  9  7  0  0  0  2  1  5  0  0  0
      1    5  9  7  1  5  6  5  1  2  3  4  5
      1    5  9  7  1  5  6  5  1  1  4  5  5
      1    5  9  7  1  5  8  5  1  1  4  5  5
      1    5  7  9  1  6  8  5  1  2  2  5  5
      1    5  9  7  6  1  2  5  1  1  4  5  5
      1    4  9  7  6  5  0  4  1  1  5  5  0
      1    4  9  7  1  6  0  4  1  2  5  5  0
      1    4  9  7  8  3  0  4  1  2  4  5  0
      1    3  9  7  2  0  0  3  1  3  5  0  0
      1    5  9  6  5  2  1  5  1  1  4  5  5
      1    5  9  6  5  1  2  5  1  1  4  4  5
      1    4  9  6  5  8  0  4  2  3  3  3  0
      1    4  6  9  5  2  0  4  1  2  4  5  0
      1    5  9  6  5  2  4  5  1  2  3  4  5
      1    5  9  6  1  7  2  5  1  1  4  5  5
      1    3  9  6  7  0  0  3  1  3  5  0  0
      1    5  9  7  6  8  1  5  1  2  3  4  5
      1    5  9  7  2  6  4  5  1  3  3  4  4
      1    3  6  9  8  0  0  3  1  3  5  0  0
      1    5  6  9  1  8  5  5  1  2  3  4  5
      1    5  9  6  8  1  5  5  1  1  4  4  5
      1    4  9  6  2  5  0  4  1  1  5  5  0
      1    5  9  6  5  2  4  5  1  1  4  5  5
      1    4  9  2  6  7  0  4  1  2  5  5  0
      1    4  9  2  6  4  0  4  1  2  4  5  0
      1    5  6  9  4  2  3  5  1  1  3  5  5
      1    5  9  6  2  4  3  5  1  1  3  5  5
      1    5  6  9  2  4  3  5  1  1  4  5  5
      1    5  6  9  2  3  4  5  1  2  2  5  5
      1    5  9  2  6  3  4  5  2  2  3  3  5
      1    3  6  9  4  0  0  3  1  3  5  0  0
      1    5  6  9  4  3  2  5  1  2  3  4  5
      1    4  9  6  3  5  0  4  1  2  5  5  0
      1    2  9  8  0  0  0  2  1  5  0  0  0
      1    4  9  8  6  5  0  4  1  2  4  5  0
      1    5  6  8  9  5  2  5  1  2  3  4  5
      1    4  9  8  7  6  0  4  1  2  4  5  0
      1    3  9  8  2  0  0  3  1  3  5  0  0
      1    4  9  2  5  3  0  4  1  2  5  5  0
      1    3  9  2  1  0  0  3  1  3  5  0  0
      1    5  9  7  2  8  6  5  1  1  4  4  5
      1    4  2  9  5  6  0  4  1  3  3  5  0
      1    5  9  2  6  5  4  5  1  1  2  5  5
      1    5  9  6  2  4  3  5  1  2  3  4  5
      1    3  9  2  4  0  0  3  1  3  5  0  0
      1    4  2  9  4  3  0  4  2  3  3  3  0
      1    4  9  2  3  5  0  4  1  2  4  5  0
      1    5  9  2  3  1  6  5  1  1  3  5  5
      1    5  9  2  3  4  6  5  1  1  4  5  5
      1    3  9  4  2  0  0  3  1  3  5  0  0
      1    4  9  4  2  3  0  4  1  2  4  5  0
      1    5  9  4  2  3  6  5  1  2  2  5  5
      1    5  9  3  4  6  2  5  1  1  4  5  5
      1    4  9  4  3  2  0  4  1  2  4  5  0
      1    2  9  3  0  0  0  2  2  5  0  0  0
      1    3  9  3  5  0  0  3  1  3  5  0  0
      1    5  9  3  6  5  4  5  1  1  4  5  5
      1    4  9  3  6  2  0  4  2  2  3  5  0
      1    5  9  2  3  5  1  5  1  2  3  4  5
      1    5  9  3  2  4  5  5  2  2  2  4  5
      1    5  9  3  2  4  1  5  2  2  2  4  5
      1    3  9  3  4  0  0  3  1  3  5  0  0
      1    5  7  6  5  1  2  5  1  3  3  3  4
      1    5  6  5  1  2  7  5  1  2  3  4  5
      1    4  6  5  8  1  0  4  1  2  5  5  0
      1    5  6  5  1  8  7  5  1  1  3  5  5
      1    5  6  5  1  8  9  5  1  2  3  4  5
      1    5  6  1  7  5  2  5  1  2  3  4  5
      1    4  6  5  3  1  0  4  1  1  5  5  0
      1    5  6  5  1  3  9  5  1  1  4  5  5
      1    4  6  5  7  1  0  4  1  2  4  5  0
      1    5  5  6  7  8  9  5  1  1  4  5  5
      1    5  6  8  5  7  2  5  1  1  4  4  5
      1    5  6  9  5  1  7  5  1  1  4  4  5
      1    4  5  9  6  7  0  4  1  2  4  5  0
      1    5  9  5  6  7  1  5  1  1  3  5  5
      1    4  6  5  2  9  0  4  1  2  5  5  0
      1    5  6  5  9  3  4  5  1  1  4  4  5
      1    5  6  5  8  1  7  5  1  2  2  5  5
      1    5  6  5  8  9  2  5  2  2  2  4  5
      1    4  6  5  2  7  0  4  1  2  4  5  0
      1    4  6  5  8  2  0  4  1  2  4  5  0
      1    5  6  5  2  4  3  5  1  1  4  5  5
      1    5  6  5  4  2  3  5  1  2  2  5  5
      1    5  6  2  5  3  4  5  1  2  4  4  4
      1    3  6  4  5  0  0  3  2  3  4  0  0
      1    5  6  5  4  7  1  5  1  1  3  5  5
      1    5  6  2  4  5  3  5  1  1  4  5  5
      1    5  6  5  9  4  3  5  1  2  3  4  5
      1    5  6  5  4  3  2  5  1  1  4  5  5
      1    3  6  5  3  0  0  3  1  3  5  0  0
      1    4  6  5  2  3  0  4  2  2  3  5  0
      1    5  6  5  3  2  4  5  1  1  4  5  5
      1    5  6  5  3  2  4  5  1  1  3  5  5
      1    5  6  1  5  7  9  5  1  1  4  5  5
      1    5  6  1  7  5  8  5  1  2  3  4  5
      1    5  6  1  5  7  8  5  1  1  4  5  5
      1    4  5  1  9  6  0  4  1  3  3  5  0
      1    4  6  1  5  8  0  4  1  2  4  5  0
      1    5  6  8  1  5  7  5  1  2  3  4  5
      1    4  6  5  1  2  0  4  1  2  4  5  0
      1    5  6  1  5  2  4  5  1  1  4  5  5
      1    5  6  1  5  2  3  5  1  2  2  5  5
      1    5  6  5  1  3  2  5  1  2  3  4  5
      1    5  6  1  7  2  4  5  1  2  3  4  5
      1    4  6  1  7  3  0  4  1  3  4  4  0
      1    4  6  1  9  5  0  4  1  2  4  5  0
      1    5  6  1  9  5  7  5  1  2  3  4  5
      1    3  6  1  8  0  0  3  1  3  5  0  0
      1    5  6  1  8  5  4  5  1  2  2  5  5
      1    5  6  1  8  7  2  5  1  2  3  4  5
      1    5  6  1  2  5  4  5  1  2  3  4  5
      1    5  6  1  2  4  3  5  1  2  4  4  4
      1    3  6  1  4  0  0  3  1  3  5  0  0
      1    5  6  1  4  5  2  5  1  2  2  5  5
      1    5  6  1  2  3  4  5  1  1  3  5  5
      1    4  6  7  5  1  0  4  1  3  3  5  0
      1    4  6  7  5  8  0  4  1  1  5  5  0
      1    5  6  7  5  2  4  5  2  2  3  3  5
      1    5  6  5  7  4  2  5  1  1  3  5  5
      1    3  6  7  1  0  0  3  1  3  5  0  0
      1    4  6  7  1  5  0  4  1  2  4  5  0
      1    4  6  7  1  8  0  4  1  3  3  5  0
      1    5  6  7  8  2  4  5  1  2  3  4  5
      1    4  6  7  2  3  0  4  1  2  4  5  0
      1    3  6  7  4  0  0  3  1  3  5  0  0
      1    5  6  9  5  7  2  5  2  2  2  4  5
      1    4  6  9  5  8  0  4  1  2  4  5  0
      1    4  6  9  5  2  0  4  1  3  3  5  0
      1    5  6  9  5  2  7  5  1  3  3  3  4
      1    5  6  9  5  2  3  5  1  2  3  4  5
      1    4  6  9  3  5  0  4  1  2  4  5  0
      1    5  6  9  1  4  2  5  1  1  4  5  5
      1    3  6  9  7  0  0  3  1  3  5  0  0
      1    4  6  9  7  5  0  4  1  2  5  5  0
      1    3  6  8  9  0  0  3  1  3  5  0  0
      1    5  6  9  8  7  5  5  1  1  4  5  5
      1    3  6  9  2  0  0  3  1  3  5  0  0
      1    4  9  6  2  5  0  4  1  2  4  5  0
      1    5  6  9  2  8  4  5  1  1  4  4  5
      1    4  6  9  2  4  0  4  1  2  4  5  0
      1    5  6  9  2  3  4  5  1  1  4  5  5
      1    5  6  9  3  4  2  5  1  1  3  5  5
      1    5  6  8  5  2  7  5  1  1  4  4  5
      1    5  6  8  5  7  3  5  1  2  2  5  5
      1    5  6  8  5  2  9  5  1  1  4  5  5
      1    5  8  6  1  9  5  5  1  2  2  5  5
      1    5  6  8  1  2  5  5  1  1  3  5  5
      1    4  8  6  9  5  0  4  1  2  4  5  0
      1    5  6  8  2  4  3  5  1  1  3  5  5
      1    5  6  8  3  2  1  5  1  2  3  4  5
      1    5  6  8  2  3  4  5  2  2  3  3  5
      1    3  6  8  4  0  0  3  2  2  5  0  0
      1    5  6  8  3  7  1  5  1  1  4  5  5
      1    4  8  3  6  2  0  4  1  1  5  5  0
      1    5  6  2  5  1  3  5  1  1  4  5  5
      1    5  6  2  5  7  8  5  2  2  2  4  5
      1    4  6  5  2  9  0  4  1  2  4  5  0
      1    5  6  2  1  9  8  5  1  1  4  5  5
      1    5  6  2  8  1  4  5  1  2  3  4  5
      1    4  2  6  9  1  0  4  1  2  4  5  0
      1    4  6  2  9  4  0  4  1  2  5  5  0
      1    4  8  6  2  5  0  4  1  2  4  5  0
      1    5  6  2  4  8  3  5  1  2  3  4  5
      1    4  6  2  4  1  0  4  1  2  5  5  0
      1    5  6  2  4  3  5  5  1  1  4  4  5
      1    5  6  2  4  3  5  5  1  2  3  4  5
      1    5  6  2  4  3  5  5  1  1  3  5  5
      1    5  6  2  4  3  9  5  1  1  4  5  5
      1    4  6  2  3  5  0  4  2  2  4  4  0
      1    5  6  2  3  1  5  5  1  2  2  5  5
      1    4  2  6  3  7  0  4  1  2  4  5  0
      1    5  6  3  2  7  1  5  1  1  4  5  5
      1    5  6  3  2  4  5  5  1  1  3  5  5
      1    5  6  2  3  4  1  5  1  1  3  5  5
      1    5  6  2  3  4  9  5  1  1  4  5  5
      1    3  6  5  4  0  0  3  1  3  5  0  0
      1    5  4  6  5  1  2  5  1  2  3  4  5
      1    4  6  4  5  3  0  4  1  2  4  5  0
      1    3  6  4  9  0  0  3  2  2  5  0  0
      1    4  4  6  2  3  0  4  1  2  5  5  0
      1    5  6  4  2  3  5  5  1  1  4  5  5
      1    5  6  4  2  3  9  5  1  1  4  5  5
      1    4  6  4  3  2  0  4  1  2  4  5  0
      1    5  6  4  2  3  7  5  1  2  3  4  5
      1    4  6  3  5  9  0  4  1  3  3  4  0
      1    3  6  3  7  0  0  3  1  3  5  0  0
      1    5  6  3  8  2  7  5  1  1  3  5  5
      1    4  6  3  2  7  0  4  2  2  3  5  0
      1    5  6  3  2  7  8  5  1  2  2  5  5
      1    4  6  3  2  9  0  4  1  2  4  5  0
      1    5  3  6  4  8  7  5  1  2  3  4  5
      1    4  6  3  4  2  0  4  2  2  3  5  0
      1    5  3  6  4  2  9  5  1  2  3  4  5
      1    5  6  4  3  2  9  5  1  1  4  5  5
      1    5  8  5  1  7  9  5  1  1  3  5  5
      1    5  8  1  5  6  7  5  1  1  4  4  5
      1    5  8  5  1  6  2  5  1  2  2  5  5
      1    4  8  5  7  1  0  4  1  2  5  5  0
      1    5  8  5  7  1  6  5  1  1  3  5  5
      1    5  8  5  2  3  7  5  1  2  3  4  5
      1    4  5  8  7  3  0  4  1  2  4  5  0
      1    5  8  5  9  1  6  5  1  1  4  5  5
      1    5  8  5  1  6  9  5  1  1  4  4  5
      1    4  8  5  9  6  0  4  1  2  4  5  0
      1    5  8  5  9  6  4  5  1  2  4  4  4
      1    5  8  5  6  1  7  5  1  2  2  5  5
      1    4  8  6  5  7  0  4  1  2  4  5  0
      1    5  8  5  6  7  1  5  1  1  4  5  5
      1    5  8  6  5  7  1  5  1  1  3  5  5
      1    5  8  5  7  6  1  5  2  2  2  4  5
      1    5  5  6  8  9  7  5  2  2  3  3  4
      1    4  8  5  6  2  0  4  1  2  4  5  0
      1    4  5  8  2  6  0  4  1  2  4  5  0
      1    4  8  5  2  4  0  4  1  2  5  5  0
      1    5  8  5  2  3  4  5  1  1  4  4  5
      1    4  8  5  2  3  0  4  1  2  4  5  0
      1    4  8  5  4  1  0  4  2  2  3  5  0
      1    5  8  5  4  6  7  5  1  3  3  3  5
      1    5  8  5  4  6  2  5  1  2  3  4  5
      1    5  8  2  4  5  3  5  1  1  4  5  5
      1    4  8  3  5  1  0  4  1  2  5  5  0
      1    4  8  5  3  4  0  4  1  2  4  5  0
      1    5  8  1  5  7  6  5  1  1  4  4  5
      1    5  8  1  5  7  4  5  2  2  2  4  5
      1    5  8  1  2  5  6  5  1  2  2  5  5
      1    4  8  1  5  2  0  4  1  3  3  5  0
      1    4  8  1  5  3  0  4  1  1  5  5  0
      1    5  8  1  5  7  2  5  1  1  4  5  5
      1    5  8  1  6  7  5  5  1  1  3  5  5
      1    5  8  1  7  5  2  5  1  1  4  5  5
      1    5  8  7  1  4  2  5  1  2  3  4  5
      1    3  8  1  9  0  0  3  1  3  5  0  0
      1    5  1  8  9  3  4  5  1  3  3  4  4
      1    4  8  1  3  6  0  4  1  2  5  5  0
      1    3  8  1  2  0  0  3  1  3  5  0  0
      1    4  8  1  2  5  0  4  2  2  3  5  0
      1    4  8  1  2  7  0  4  1  2  5  5  0
      1    5  8  1  3  2  4  5  1  1  4  5  5
      1    5  8  1  5  3  7  5  1  2  3  4  5
      1    4  8  1  7  3  0  4  1  2  5  5  0
      1    5  8  1  7  3  9  5  1  1  4  5  5
      1    5  8  7  5  1  2  5  1  1  4  5  5
      1    5  8  5  1  7  6  5  1  1  4  5  5
      1    5  7  8  5  6  3  5  1  1  3  5  5
      1    5  8  7  2  4  5  5  1  1  4  5  5
      1    5  8  7  5  4  2  5  2  2  2  4  5
      1    4  8  7  5  3  0  4  1  2  4  5  0
      1    5  8  7  1  5  6  5  1  2  2  5  5
      1    5  7  8  1  5  6  5  1  2  2  5  5
      1    5  7  8  5  2  1  5  1  3  3  3  4
      1    5  8  7  1  2  5  5  1  2  2  5  5
      1    5  8  7  1  9  5  5  1  2  2  5  5
      1    4  8  7  1  6  0  4  1  2  4  5  0
      1    4  8  7  1  2  0  4  1  2  5  5  0
      1    5  8  7  2  1  4  5  1  2  2  5  5
      1    5  7  8  1  4  2  5  1  1  4  5  5
      1    5  8  7  3  1  4  5  1  3  3  4  4
      1    3  8  7  9  0  0  3  1  3  5  0  0
      1    5  8  7  9  2  6  5  1  1  3  5  5
      1    4  7  6  8  5  0  4  2  2  4  4  0
      1    4  8  6  1  7  0  4  1  2  4  5  0
      1    5  8  7  6  9  1  5  1  1  4  4  5
      1    5  8  7  4  6  3  5  1  1  3  5  5
      1    4  7  8  2  5  0  4  1  2  4  5  0
      1    4  8  7  2  4  0  4  1  2  5  5  0
      1    5  8  7  4  2  3  5  1  1  4  5  5
      1    5  8  7  2  4  3  5  1  1  4  5  5
      1    4  8  2  7  3  0  4  1  2  4  5  0
      1    5  8  7  3  2  4  5  1  2  3  4  5
      1    5  7  8  2  3  4  5  1  2  3  4  5
      1    5  3  7  2  8  4  5  1  2  2  5  5
      1    5  8  7  3  1  2  5  1  3  3  3  5
      1    5  8  4  7  3  2  5  1  2  3  4  5
      1    5  8  9  5  7  6  5  1  1  4  5  5
      1    5  8  9  1  7  5  5  1  1  3  5  5
      1    5  8  9  6  7  2  5  1  1  3  5  5
      1    3  8  9  2  0  0  3  1  3  5  0  0
      1    5  8  9  2  5  4  5  1  2  3  4  5
      1    5  8  6  5  7  1  5  1  2  3  4  5
      1    4  8  6  1  7  0  4  1  2  5  5  0
      1    5  8  6  5  7  1  5  1  1  4  5  5
      1    5  8  6  1  7  5  5  1  1  3  5  5
      1    5  8  6  7  1  3  5  1  3  3  3  5
      1    5  8  6  9  5  7  5  1  2  3  4  5
      1    5  6  8  9  7  1  5  1  2  3  4  5
      1    4  6  8  9  2  0  4  1  2  4  5  0
      1    5  8  6  2  7  9  5  1  1  4  5  5
      1    5  8  6  2  9  7  5  1  1  4  5  5
      1    4  8  2  5  7  0  4  1  2  4  5  0
      1    3  8  2  1  0  0  3  1  3  5  0  0
      1    4  8  2  1  5  0  4  1  2  4  5  0
      1    4  8  1  2  4  0  4  1  1  5  5  0
      1    5  8  1  2  7  4  5  2  2  3  3  4
      1    4  8  9  2  5  0  4  1  2  4  5  0
      1    3  8  6  2  0  0  3  1  3  5  0  0
      1    4  8  2  6  7  0  4  1  2  4  5  0
      1    5  2  8  6  7  3  5  1  1  4  5  5
      1    4  8  4  2  1  0  4  1  2  4  5  0
      1    5  8  2  4  7  5  5  1  2  3  4  5
      1    5  8  2  4  3  5  5  1  1  4  5  5
      1    5  8  4  2  3  7  5  1  1  4  5  5
      1    5  8  4  2  3  6  5  1  2  3  4  5
      1    4  8  2  3  1  0  4  1  1  4  5  0
      1    4  8  2  3  6  0  4  1  2  4  5  0
      1    5  8  2  3  4  7  5  1  1  4  5  5
      1    3  8  4  5  0  0  3  2  2  5  0  0
      1    4  8  4  5  3  0  4  1  3  3  5  0
      1    5  4  8  1  6  2  5  1  1  4  5  5
      1    5  8  4  1  2  3  5  1  1  4  5  5
      1    5  8  7  4  3  1  5  1  1  4  5  5
      1    4  8  4  2  6  0  4  1  2  4  5  0
      1    4  8  4  3  9  0  4  1  2  4  5  0
      1    5  6  8  4  3  2  5  1  2  2  5  5
      1    4  8  4  3  2  0  4  1  2  4  5  0
      1    5  8  1  3  7  9  5  1  1  4  5  5
      1    3  8  3  7  0  0  3  2  2  5  0  0
      1    3  8  3  6  0  0  3  1  3  5  0  0
      1    3  8  3  2  0  0  3  1  3  5  0  0
      1    4  8  3  2  7  0  4  1  2  5  5  0
      1    5  8  2  3  7  9  5  1  1  4  4  5
      1    5  3  8  2  4  7  5  1  3  3  3  5
      1    5  8  3  2  9  4  5  1  3  3  3  5
      1    5  8  3  4  2  7  5  1  2  3  4  5
      1    4  2  5  1  7  0  4  1  2  4  5  0
      1    4  2  5  1  8  0  4  1  3  3  5  0
      1    3  2  5  7  0  0  3  2  3  3  0  0
      1    5  2  5  7  6  1  5  1  2  3  4  5
      1    5  2  5  7  6  8  5  1  1  4  5  5
      1    4  2  8  5  7  0  4  1  2  4  5  0
      1    4  2  5  7  4  0  4  2  2  3  5  0
      1    4  2  5  7  3  0  4  1  2  4  5  0
      1    4  2  5  9  6  0  4  1  2  4  5  0
      1    4  2  5  3  9  0  4  1  2  5  5  0
      1    4  2  5  6  7  0  4  1  2  4  5  0
      1    5  2  5  6  7  8  5  1  1  4  4  5
      1    5  2  5  6  9  4  5  1  2  2  5  5
      1    5  5  2  6  4  3  5  1  2  3  4  5
      1    5  5  2  8  3  1  5  1  2  4  4  4
      1    5  2  5  8  3  6  5  1  2  2  5  5
      1    3  2  5  4  0  0  3  1  3  5  0  0
      1    5  2  5  4  3  7  5  1  2  3  4  5
      1    5  2  5  4  3  6  5  1  1  4  5  5
      1    5  2  4  5  3  8  5  1  1  4  5  5
      1    4  2  1  5  7  0  4  1  2  4  5  0
      1    5  2  5  1  4  7  5  1  2  3  4  5
      1    4  2  1  5  9  0  4  1  2  5  5  0
      1    4  2  1  5  6  0  4  1  2  5  5  0
      1    4  2  5  1  8  0  4  2  2  3  5  0
      1    4  2  1  5  3  0  4  1  2  4  5  0
      1    4  2  1  7  6  0  4  1  2  5  5  0
      1    5  2  1  7  6  5  5  1  1  4  5  5
      1    5  2  1  7  6  4  5  1  3  3  3  5
      1    4  2  1  8  7  0  4  1  1  5  5  0
      1    5  2  1  9  5  4  5  1  2  3  4  5
      1    5  2  1  6  7  5  5  1  1  3  5  5
      1    5  2  1  6  5  8  5  1  2  3  4  5
      1    4  2  1  8  6  0  4  2  2  4  4  0
      1    4  2  4  5  1  0  4  1  3  3  5  0
      1    5  2  1  4  6  7  5  1  3  3  3  4
      1    4  2  1  4  3  0  4  1  2  4  5  0
      1    5  2  1  4  3  7  5  1  2  2  5  5
      1    5  1  2  4  3  6  5  1  2  3  4  5
      1    5  2  1  3  4  6  5  1  2  3  4  5
      1    4  2  1  3  5  0  4  1  2  5  5  0
      1    5  1  2  3  6  9  5  1  1  3  5  5
      1    5  2  1  3  4  5  5  1  2  2  5  5
      1    5  2  1  3  4  5  5  1  1  4  5  5
      1    5  2  7  5  1  9  5  1  1  4  4  5
      1    5  2  7  5  1  6  5  1  1  4  5  5
      1    5  2  7  6  5  9  5  1  2  2  5  5
      1    4  2  7  5  8  0  4  1  3  3  4  0
      1    5  2  5  7  1  8  5  1  2  3  4  5
      1    4  2  1  7  8  0  4  1  2  4  5  0
      1    5  2  7  1  4  8  5  1  2  3  4  5
      1    5  7  2  3  1  5  5  1  2  2  5  5
      1    4  7  2  6  4  0  4  1  2  4  5  0
      1    4  2  7  3  8  0  4  1  2  4  5  0
      1    4  2  7  4  1  0  4  1  2  4  5  0
      1    5  2  7  9  4  5  5  1  3  3  4  4
      1    5  2  7  3  4  5  5  1  1  4  5  5
      1    5  2  7  4  3  1  5  1  1  4  5  5
      1    5  2  7  4  3  8  5  1  2  2  5  5
      1    5  2  7  3  6  4  5  1  2  4  4  4
      1    4  2  7  4  3  0  4  1  2  4  5  0
      1    5  2  7  3  4  8  5  1  1  4  5  5
      1    3  2  9  5  0  0  3  1  3  5  0  0
      1    4  2  9  5  6  0  4  1  2  5  5  0
      1    3  2  9  1  0  0  3  1  3  5  0  0
      1    4  9  7  2  1  0  4  2  2  3  5  0
      1    5  2  9  4  7  3  5  1  2  3  4  5
      1    4  2  9  6  5  0  4  1  2  4  5  0
      1    5  2  9  4  6  3  5  1  1  4  5  5
      1    5  2  9  3  4  7  5  1  2  3  4  5
      1    3  2  9  3  0  0  3  2  3  3  0  0
      1    4  2  3  9  5  0  4  1  1  5  5  0
      1    5  2  9  3  5  6  5  1  1  3  5  5
      1    4  2  6  5  7  0  4  1  3  3  5  0
      1    5  2  6  5  7  8  5  1  2  2  5  5
      1    4  2  6  5  9  0  4  1  2  5  5  0
      1    5  2  6  5  4  3  5  1  1  4  5  5
      1    5  2  6  5  4  3  5  1  1  4  4  5
      1    4  2  6  5  3  0  4  1  2  5  5  0
      1    4  6  2  1  5  0  4  1  2  4  5  0
      1    5  2  6  1  5  7  5  1  2  2  5  5
      1    4  2  6  1  7  0  4  2  2  4  4  0
      1    4  6  1  2  4  0  4  1  2  5  5  0
      1    5  2  6  1  4  3  5  1  1  4  5  5
      1    3  2  6  7  0  0  3  1  3  5  0  0
      1    4  2  6  7  9  0  4  1  2  4  5  0
      1    4  2  6  7  3  0  4  1  3  3  5  0
      1    4  2  6  9  5  0  4  1  1  5  5  0
      1    4  2  6  9  3  0  4  1  2  5  5  0
      1    3  2  6  8  0  0  3  1  3  5  0  0
      1    4  2  6  8  5  0  4  1  3  3  5  0
      1    5  2  6  8  7  5  5  1  2  2  5  5
      1    5  2  6  4  5  3  5  1  2  3  4  5
      1    4  2  6  5  3  0  4  2  2  3  5  0
      1    5  2  6  3  5  4  5  1  2  3  4  4
      1    5  2  6  3  9  5  5  1  1  4  5  5
      1    3  2  8  5  0  0  3  1  3  5  0  0
      1    5  2  8  5  1  4  5  1  2  3  4  5
      1    4  2  8  5  7  0  4  1  1  5  5  0
      1    5  8  5  2  6  3  5  1  2  3  4  5
      1    4  2  8  5  3  0  4  1  2  5  5  0
      1    5  2  8  5  3  9  5  1  1  4  4  5
      1    5  2  8  1  7  5  5  1  2  4  4  4
      1    5  2  8  1  3  4  5  1  2  3  4  5
      1    4  2  5  7  8  0  4  1  2  4  5  0
      1    4  2  8  7  9  0  4  1  2  4  5  0
      1    3  2  8  9  0  0  3  1  3  5  0  0
      1    4  2  9  8  5  0  4  2  2  3  5  0
      1    5  2  8  9  4  6  5  1  2  3  4  5
      1    3  8  2  6  0  0  3  1  3  5  0  0
      1    5  2  8  6  9  7  5  1  1  4  5  5
      1    5  2  8  5  4  6  5  1  1  3  5  5
      1    5  8  2  4  7  3  5  1  2  3  4  5
      1    5  2  8  4  3  9  5  1  1  4  5  5
      1    4  2  9  8  3  0  4  1  3  4  4  0
      1    5  8  2  3  5  6  5  1  2  2  5  5
      1    4  2  4  5  6  0  4  1  3  3  5  0
      1    4  4  2  5  8  0  4  1  2  4  5  0
      1    4  2  4  5  3  0  4  1  3  4  4  0
      1    3  2  4  1  0  0  3  1  3  5  0  0
      1    4  2  4  1  5  0  4  1  2  4  5  0
      1    4  2  4  1  7  0  4  1  3  3  4  0
      1    5  2  1  4  7  9  5  1  2  3  4  5
      1    5  2  4  7  5  1  5  1  2  3  4  5
      1    5  2  7  4  1  6  5  1  2  3  4  5
      1    4  2  4  7  8  0  4  1  2  4  5  0
      1    4  2  4  5  9  0  4  1  2  5  5  0
      1    4  2  4  6  5  0  4  3  3  3  3  0
      1    5  2  3  4  6  1  5  1  1  3  5  5
      1    4  2  4  8  3  0  4  2  3  3  3  0
      1    5  2  4  3  5  1  5  1  2  3  4  5
      1    5  2  4  3  5  1  5  1  1  3  5  5
      1    5  4  2  3  5  7  5  1  2  3  4  5
      1    5  2  4  3  7  5  5  1  2  2  5  5
      1    5  2  4  3  5  9  5  1  1  4  5  5
      1    5  2  4  5  3  9  5  1  1  4  5  5
      1    5  2  4  5  3  9  5  1  1  3  5  5
      1    5  2  4  3  5  6  5  1  3  3  3  5
      1    5  2  4  3  5  6  5  2  2  2  4  5
      1    5  2  4  5  3  8  5  1  2  3  4  5
      1    5  2  3  4  5  8  5  1  1  4  5  5
      1    5  2  4  3  5  1  5  2  2  3  3  5
      1    5  2  3  4  1  7  5  1  1  4  5  5
      1    5  4  2  3  1  7  5  1  1  4  5  5
      1    5  4  2  3  9  1  5  1  1  4  4  5
      1    5  4  3  2  9  1  5  1  1  4  5  5
      1    5  2  4  3  1  8  5  1  2  3  4  5
      1    5  2  4  3  1  8  5  1  1  4  5  5
      1    5  3  2  4  7  5  5  1  2  4  4  4
      1    5  2  3  4  7  5  5  1  1  4  5  5
      1    5  4  2  7  3  1  5  1  1  3  5  5
      1    5  2  4  3  7  6  5  1  3  3  4  4
      1    5  2  4  3  7  8  5  1  2  2  5  5
      1    5  2  4  3  9  7  5  1  2  2  5  5
      1    5  4  2  3  9  6  5  1  1  4  4  5
      1    5  2  4  3  9  6  5  1  1  4  5  5
      1    5  2  4  3  6  5  5  1  2  2  5  5
      1    5  2  3  4  6  5  5  1  1  3  5  5
      1    5  2  4  3  1  6  5  2  2  3  3  5
      1    5  6  4  2  3  1  5  1  1  4  4  5
      1    5  6  2  4  3  1  5  1  2  2  5  5
      1    5  2  4  3  6  1  5  1  2  3  4  5
      1    5  2  4  3  6  7  5  1  1  4  5  5
      1    5  2  4  3  6  8  5  1  3  3  3  5
      1    5  2  8  4  3  5  5  1  2  4  4  4
      1    5  4  2  3  8  5  5  1  1  3  5  5
      1    5  2  4  3  8  1  5  1  2  3  4  5
      1    5  3  2  4  8  1  5  1  2  2  5  5
      1    5  4  2  3  8  1  5  1  2  2  5  5
      1    5  2  4  3  8  7  5  1  3  3  4  4
      1    5  2  4  3  8  7  5  1  1  4  5  5
      1    5  3  4  7  2  8  5  1  2  3  4  5
      1    5  2  4  3  8  7  5  1  1  2  5  5
      1    5  2  4  3  8  9  5  2  2  3  3  5
      1    5  2  4  3  8  6  5  2  2  2  4  5
      1    5  2  4  8  6  3  5  1  1  4  4  5
      1    5  4  2  3  8  6  5  1  1  3  5  5
      1    4  2  3  5  1  0  4  1  2  4  5  0
      1    5  2  3  5  7  9  5  1  1  4  5  5
      1    5  2  3  5  7  6  5  1  2  4  4  4
      1    4  2  5  3  9  0  4  1  2  4  5  0
      1    5  3  2  5  6  7  5  1  1  3  5  5
      1    4  3  5  2  8  0  4  1  2  4  5  0
      1    5  2  3  5  8  6  5  1  1  4  4  5
      1    5  2  3  1  7  9  5  1  2  3  4  5
      1    4  2  3  4  1  0  4  1  2  4  5  0
      1    4  2  3  5  7  0  4  1  2  4  5  0
      1    5  2  3  7  1  4  5  1  1  4  5  5
      1    4  2  3  7  9  0  4  1  2  4  5  0
      1    5  2  3  7  4  8  5  1  1  4  5  5
      1    5  2  7  3  4  6  5  1  2  3  4  5
      1    4  2  9  3  5  0  4  1  3  4  4  0
      1    5  3  2  9  5  1  5  1  1  3  5  5
      1    5  3  2  9  6  5  5  1  1  4  4  5
      1    5  2  6  3  1  5  5  1  1  4  5  5
      1    4  2  3  6  9  0  4  1  2  5  5  0
      1    4  2  3  6  4  0  4  2  2  3  5  0
      1    5  2  3  4  6  5  5  2  2  2  4  5
      1    5  2  3  8  6  7  5  1  1  4  4  5
      1    5  2  3  8  7  6  5  2  2  2  4  5
      1    5  2  3  8  4  1  5  1  2  4  4  4
      1    5  2  3  1  4  5  5  1  1  4  5  5
      1    5  2  3  4  5  1  5  1  2  2  5  5
      1    5  2  3  4  5  7  5  1  1  3  5  5
      1    5  2  3  4  5  6  5  1  1  4  5  5
      1    5  2  3  4  5  6  5  1  2  4  4  4
      1    5  2  3  5  6  4  5  1  2  3  4  5
      1    5  2  3  4  5  8  5  1  1  4  4  5
      1    5  3  4  2  1  7  5  1  1  3  5  5
      1    5  2  3  4  1  7  5  1  1  4  4  5
      1    5  2  3  4  1  6  5  1  1  3  5  5
      1    5  2  3  1  4  6  5  1  2  3  4  5
      1    5  2  3  4  1  6  5  1  1  4  5  5
      1    5  2  3  4  1  8  5  1  1  3  5  5
      1    5  2  3  4  1  8  5  1  1  4  5  5
      1    5  2  3  1  4  8  5  1  1  4  5  5
      1    5  2  4  3  7  5  5  1  1  4  4  5
      1    5  2  7  3  4  8  5  1  1  3  5  5
      1    5  2  3  4  7  8  5  1  1  4  5  5
      1    5  2  3  7  4  8  5  1  1  3  5  5
      1    5  2  3  4  7  8  5  1  2  3  4  5
      1    4  2  3  4  9  0  4  1  2  5  5  0
      1    5  2  3  9  5  4  5  1  2  3  4  5
      1    5  2  4  3  6  5  5  1  1  4  4  5
      1    5  2  6  3  4  5  5  1  2  3  4  5
      1    5  2  3  6  4  5  5  1  1  4  5  5
      1    5  2  6  3  5  4  5  1  2  3  4  5
      1    5  2  3  4  6  7  5  1  2  3  4  5
      1    5  2  3  6  9  4  5  1  1  4  5  5
      1    5  2  3  4  6  9  5  1  1  4  5  5
      1    5  2  6  3  4  8  5  1  2  3  4  5
      1    5  2  3  6  4  8  5  1  2  2  5  5
      1    5  3  2  4  8  5  5  1  1  4  4  5
      1    5  2  3  4  8  5  5  2  2  2  4  5
      1    5  2  3  4  8  5  5  1  1  3  5  5
      1    5  2  3  4  8  1  5  1  1  4  5  5
      1    5  2  4  8  3  1  5  1  2  3  4  5
      1    5  2  3  8  4  7  5  1  1  3  5  5
      1    5  2  3  4  8  6  5  1  1  3  5  5
      1    5  2  3  4  8  6  5  1  2  4  4  4
      1    5  2  3  8  6  4  5  1  3  3  3  5
      1    5  3  2  4  8  6  5  1  1  3  5  5
      1    2  4  5  0  0  0  2  1  5  0  0  0
      1    5  4  1  5  9  8  5  1  1  4  5  5
      1    4  4  5  1  6  0  4  2  2  3  5  0
      1    3  4  9  5  0  0  3  1  3  5  0  0
      1    4  4  2  5  9  0  4  1  3  4  4  0
      1    5  4  5  6  7  8  5  1  1  4  5  5
      1    5  6  4  5  2  3  5  1  2  3  4  5
      1    3  8  5  4  0  0  3  1  3  5  0  0
      1    4  4  5  2  3  0  4  1  1  5  5  0
      1    3  4  3  5  0  0  3  1  3  5  0  0
      1    5  4  1  5  6  7  5  1  2  3  4  5
      1    5  4  1  5  6  2  5  1  2  3  4  5
      1    5  4  1  5  6  3  5  1  1  3  5  5
      1    4  4  1  7  5  0  4  1  2  5  5  0
      1    5  4  1  7  9  6  5  1  2  3  4  5
      1    5  4  1  7  6  8  5  1  1  4  4  5
      1    4  1  4  6  5  0  4  1  2  4  5  0
      1    4  4  1  2  6  0  4  1  2  5  5  0
      1    5  4  1  2  6  3  5  1  1  4  5  5
      1    5  4  1  8  5  6  5  1  2  3  4  5
      1    4  4  1  7  8  0  4  1  2  4  5  0
      1    5  4  1  2  8  3  5  1  2  3  4  5
      1    5  4  1  3  2  9  5  1  1  4  5  5
      1    5  4  1  2  3  6  5  1  1  4  5  5
      1    5  4  2  1  3  8  5  1  2  3  4  5
      1    5  4  1  3  5  8  5  1  3  3  3  5
      1    4  3  4  1  9  0  4  1  3  3  5  0
      1    5  1  4  3  2  8  5  1  2  3  4  5
      1    3  4  1  7  0  0  3  1  3  5  0  0
      1    3  4  7  6  0  0  3  1  3  5  0  0
      1    4  4  7  6  8  0  4  1  2  4  5  0
      1    4  4  7  8  1  0  4  2  2  3  5  0
      1    4  4  8  7  2  0  4  1  2  4  5  0
      1    4  4  7  2  3  0  4  1  2  4  5  0
      1    3  4  3  7  0  0  3  1  3  5  0  0
      1    5  5  4  6  2  3  5  1  2  2  5  5
      1    3  4  6  1  0  0  3  1  3  5  0  0
      1    4  4  6  8  5  0  4  1  3  3  5  0
      1    4  2  4  8  6  0  4  1  2  4  5  0
      1    3  4  8  1  0  0  3  1  3  5  0  0
      1    4  8  4  7  1  0  4  1  3  3  5  0
      1    3  8  4  2  0  0  3  2  3  3  0  0
      1    4  4  8  2  7  0  4  1  3  3  5  0
      1    4  4  8  2  3  0  4  2  2  3  5  0
      1    4  4  8  3  5  0  4  1  2  5  5  0
      1    5  4  2  5  3  6  5  2  2  2  4  5
      1    4  4  2  1  6  0  4  2  2  3  5  0
      1    3  4  2  7  0  0  3  1  3  5  0  0
      1    4  4  2  7  3  0  4  1  2  4  5  0
      1    4  4  6  2  3  0  4  2  2  4  4  0
      1    4  4  2  8  5  0  4  1  2  5  5  0
      1    4  4  2  8  1  0  4  1  2  5  5  0
      1    5  2  4  3  5  1  5  1  2  2  5  5
      1    5  4  2  3  1  5  5  1  1  4  5  5
      1    5  4  2  3  5  1  5  1  2  3  4  5
      1    5  4  3  2  5  7  5  1  1  4  5  5
      1    5  2  1  4  3  7  5  1  2  3  4  5
      1    5  4  2  3  1  6  5  1  1  3  5  5
      1    5  4  2  7  3  1  5  1  2  3  4  5
      1    5  4  2  3  6  5  5  1  2  2  5  5
      1    5  2  4  3  7  6  5  1  2  2  5  5
      1    5  4  2  3  8  6  5  1  2  2  5  5
      1    5  4  3  2  8  6  5  1  1  4  5  5
      1    5  4  3  7  1  8  5  1  1  4  5  5
      1    5  4  3  8  2  1  5  2  2  2  4  5
      1    5  4  2  3  5  7  5  1  1  4  5  5
      1    4  4  3  1  2  0  4  1  1  5  5  0
      1    5  4  3  2  1  5  5  1  1  4  5  5
      1    5  2  4  3  1  7  5  1  2  2  5  5
      1    5  4  3  2  1  6  5  1  1  4  5  5
      1    5  3  2  4  7  9  5  1  1  4  5  5
      1    4  4  3  2  6  0  4  1  2  5  5  0
      1    5  4  3  6  9  2  5  1  1  4  4  5
      1    5  4  3  2  6  9  5  1  1  4  5  5
      1    5  4  3  2  8  6  5  1  2  2  5  5
      1    5  3  5  1  4  2  5  1  1  4  5  5
      1    4  3  9  2  5  0  4  1  2  4  5  0
      1    5  3  8  2  5  4  5  1  2  3  4  5
      1    5  3  2  5  4  9  5  1  2  3  4  5
      1    3  3  5  4  0  0  3  2  3  3  0  0
      1    5  3  1  5  7  8  5  1  1  3  5  5
      1    5  3  1  5  9  7  5  1  2  3  4  5
      1    4  3  1  5  4  0  4  1  1  5  5  0
      1    3  3  1  7  0  0  3  1  3  5  0  0
      1    4  3  1  7  8  0  4  1  3  3  5  0
      1    5  3  1  7  8  2  5  2  2  3  3  5
      1    5  3  1  7  8  4  5  1  1  4  5  5
      1    3  3  1  9  0  0  3  1  3  5  0  0
      1    4  3  1  6  9  0  4  1  2  4  5  0
      1    5  3  1  9  6  5  5  1  1  4  5  5
      1    4  3  1  6  7  0  4  1  1  5  5  0
      1    5  3  1  6  8  2  5  2  2  3  3  5
      1    4  3  1  2  6  0  4  1  2  4  5  0
      1    5  3  1  6  2  4  5  1  1  4  5  5
      1    4  3  1  8  5  0  4  1  3  3  5  0
      1    5  3  1  8  5  7  5  1  1  4  5  5
      1    4  3  1  8  2  0  4  1  2  4  5  0
      1    5  1  3  8  2  4  5  1  2  3  4  5
      1    5  3  1  8  2  4  5  1  1  4  5  5
      1    5  3  1  4  8  6  5  1  2  3  4  5
      1    4  1  3  2  5  0  4  1  2  4  5  0
      1    4  3  1  2  9  0  4  1  3  3  5  0
      1    5  3  1  2  6  4  5  1  1  4  4  5
      1    5  3  1  8  2  4  5  1  1  3  5  5
      1    5  3  1  4  5  6  5  1  1  4  4  5
      1    5  3  1  4  2  8  5  2  2  2  4  5
      1    5  3  1  4  2  8  5  1  1  4  5  5
      1    3  3  7  5  0  0  3  1  3  5  0  0
      1    5  3  7  5  4  2  5  1  2  3  4  5
      1    4  3  7  6  2  0  4  1  3  3  5  0
      1    5  3  7  8  2  1  5  1  1  3  5  5
      1    4  3  7  5  2  0  4  2  2  3  5  0
      1    5  3  7  2  5  1  5  1  1  3  5  5
      1    5  3  2  9  7  5  5  2  2  2  4  5
      1    4  3  7  2  4  0  4  1  2  4  5  0
      1    5  3  7  4  5  2  5  1  2  3  4  5
      1    3  3  9  5  0  0  3  1  3  5  0  0
      1    5  3  9  5  6  1  5  1  1  4  4  5
      1    4  3  9  5  1  0  4  1  2  4  5  0
      1    4  3  9  8  1  0  4  1  2  4  5  0
      1    3  3  9  6  0  0  3  1  3  5  0  0
      1    5  3  9  2  4  6  5  1  1  4  5  5
      1    4  6  5  3  9  0  4  1  2  4  5  0
      1    5  3  6  5  4  2  5  1  2  4  4  4
      1    4  3  6  1  5  0  4  1  2  5  5  0
      1    5  3  1  6  5  9  5  1  1  4  5  5
      1    3  3  6  7  0  0  3  2  3  3  0  0
      1    3  3  6  9  0  0  3  1  3  5  0  0
      1    4  3  6  9  1  0  4  1  2  5  5  0
      1    5  3  6  9  4  2  5  1  2  2  5  5
      1    5  3  6  8  2  9  5  1  2  2  5  5
      1    3  3  6  2  0  0  3  2  3  4  0  0
      1    4  3  6  2  8  0  4  1  2  5  5  0
      1    4  3  6  2  4  0  4  1  2  5  5  0
      1    5  3  6  2  4  8  5  1  2  3  4  5
      1    3  6  3  4  0  0  3  1  3  5  0  0
      1    5  3  8  5  1  2  5  1  1  4  5  5
      1    3  3  1  8  0  0  3  2  2  5  0  0
      1    5  3  1  8  7  5  5  1  2  3  4  5
      1    4  3  8  1  4  0  4  1  3  3  4  0
      1    3  3  8  9  0  0  3  1  3  5  0  0
      1    5  3  8  9  5  7  5  1  2  3  4  5
      1    5  3  9  8  6  7  5  1  2  3  4  5
      1    5  8  6  3  7  5  5  1  2  3  4  5
      1    5  3  8  6  7  4  5  1  1  4  5  5
      1    4  3  8  2  1  0  4  1  2  4  5  0
      1    4  3  8  2  7  0  4  1  3  3  4  0
      1    5  3  7  8  2  5  5  1  1  4  5  5
      1    5  3  8  2  7  1  5  1  1  4  5  5
      1    4  8  2  3  4  0  4  2  2  3  5  0
      1    5  2  3  8  4  7  5  1  2  2  5  5
      1    5  3  7  8  2  4  5  1  1  4  4  5
      1    4  3  8  4  2  0  4  1  2  5  5  0
      1    5  3  2  5  9  1  5  1  1  4  5  5
      1    5  3  2  5  6  8  5  1  2  3  4  5
      1    4  3  2  5  4  0  4  1  2  4  5  0
      1    5  3  2  5  4  8  5  1  2  3  4  5
      1    5  3  2  1  5  7  5  1  1  4  5  5
      1    4  1  3  2  6  0  4  1  2  4  5  0
      1    4  3  2  4  7  0  4  1  2  4  5  0
      1    5  3  2  9  5  6  5  1  1  4  5  5
      1    5  2  3  9  8  4  5  1  2  3  4  5
      1    4  3  2  6  5  0  4  1  2  5  5  0
      1    5  2  3  6  1  5  5  1  1  4  5  5
      1    5  2  3  6  1  4  5  1  1  3  5  5
      1    5  3  2  6  7  5  5  1  1  4  5  5
      1    5  3  2  6  7  1  5  1  1  2  5  5
      1    5  3  6  2  7  1  5  2  2  3  3  5
      1    5  3  2  6  7  4  5  1  1  4  5  5
      1    4  3  2  6  9  0  4  1  2  5  5  0
      1    5  3  2  6  9  5  5  2  2  3  3  5
      1    5  3  2  6  9  5  5  1  2  2  5  5
      1    5  3  2  6  9  4  5  1  2  3  4  5
      1    5  3  2  6  8  5  5  1  2  2  5  5
      1    5  3  2  6  4  9  5  1  1  4  4  5
      1    5  2  6  3  4  8  5  1  1  4  5  5
      1    5  3  2  8  1  5  5  1  1  3  5  5
      1    5  3  2  8  4  6  5  1  1  4  4  5
      1    5  3  2  5  4  1  5  1  3  3  4  4
      1    5  3  4  2  5  7  5  1  2  3  4  5
      1    5  3  2  4  5  9  5  1  1  3  5  5
      1    5  4  3  2  5  6  5  1  2  2  5  5
      1    5  3  2  5  4  6  5  1  1  4  5  5
      1    5  3  2  4  5  6  5  1  1  4  4  5
      1    5  4  2  3  5  8  5  1  1  3  5  5
      1    5  3  2  4  5  8  5  1  3  3  4  4
      1    5  3  2  4  1  7  5  1  2  3  4  5
      1    5  3  4  1  2  7  5  1  2  3  4  5
      1    5  3  4  2  1  7  5  1  2  4  4  4
      1    5  2  3  1  4  9  5  1  2  3  4  5
      1    5  3  2  4  6  1  5  1  2  2  5  5
      1    5  2  3  1  4  6  5  1  2  2  5  5
      1    5  3  2  6  4  1  5  1  2  2  5  5
      1    5  3  2  4  1  6  5  1  1  4  4  5
      1    5  3  2  4  1  8  5  1  1  4  5  5
      1    5  3  4  2  1  8  5  1  1  4  5  5
      1    5  3  2  4  7  5  5  1  1  3  5  5
      1    5  3  2  4  1  7  5  1  1  4  5  5
      1    5  3  2  4  7  1  5  1  1  4  5  5
      1    5  3  2  4  7  6  5  1  2  2  5  5
      1    5  3  2  4  7  8  5  1  2  2  5  5
      1    5  2  3  4  7  8  5  1  2  2  5  5
      1    4  3  2  4  9  0  4  1  3  4  4  0
      1    5  3  2  4  5  9  5  1  2  3  4  5
      1    5  3  4  2  7  9  5  1  1  4  4  5
      1    5  3  4  2  9  7  5  1  1  4  4  5
      1    5  2  3  4  9  6  5  1  1  4  4  5
      1    5  2  4  3  6  5  5  1  1  3  5  5
      1    5  2  4  3  5  6  5  1  2  3  4  5
      1    5  3  2  4  6  1  5  1  1  4  5  5
      1    5  3  4  2  6  7  5  1  1  3  5  5
      1    5  3  2  4  6  7  5  1  2  3  4  5
      1    5  3  4  2  6  8  5  1  1  4  5  5
      1    5  2  3  4  8  5  5  1  1  4  4  5
      1    5  3  4  2  5  8  5  1  2  3  4  5
      1    5  3  2  4  8  5  5  2  2  3  3  5
      1    5  3  2  4  8  1  5  1  1  4  4  5
      1    5  3  2  8  4  1  5  1  2  3  4  5
      1    5  3  2  8  7  4  5  1  2  3  4  5
      1    5  3  2  6  4  8  5  1  1  3  5  5
      1    5  3  2  8  6  4  5  1  2  3  4  5
      1    3  3  4  5  0  0  3  1  3  5  0  0
      1    4  3  4  1  6  0  4  2  2  4  4  0
      1    5  3  4  1  9  2  5  1  1  4  4  5
      1    4  3  4  6  8  0  4  2  2  3  5  0
      1    5  3  6  4  2  9  5  1  1  4  5  5
      1    4  3  4  8  1  0  4  1  1  5  5  0
      1    5  3  4  8  1  5  5  1  3  3  4  4
      1    5  4  3  8  7  9  5  1  2  2  5  5
      1    4  3  4  8  6  0  4  1  2  5  5  0
      1    4  3  4  8  2  0  4  1  3  3  5  0
      1    5  4  3  8  2  7  5  1  2  3  4  5
      1    5  3  4  2  5  1  5  1  1  4  5  5
      1    5  3  4  2  5  1  5  1  1  4  4  5
      1    5  3  4  2  5  7  5  1  2  2  5  5
      1    5  3  4  2  5  6  5  1  1  4  5  5
      1    5  3  4  2  5  6  5  1  1  5  5  5
      1    5  3  4  2  5  6  5  1  2  2  5  5
      1    5  4  3  2  1  5  5  1  2  4  4  4
      1    5  3  4  2  1  7  5  1  2  3  4  5
      1    5  3  4  2  1  6  5  1  2  4  4  4
      1    5  3  4  1  2  6  5  1  1  4  5  5
      1    5  3  4  2  7  5  5  1  1  4  5  5
      1    5  3  2  4  7  6  5  1  1  4  5  5
      1    5  3  4  7  6  2  5  1  1  4  5  5
      1    5  3  4  2  9  7  5  1  2  3  4  5
      1    5  3  4  2  9  6  5  1  1  4  5  5
      1    5  3  4  2  6  5  5  1  1  3  5  5
      1    5  4  3  2  6  5  5  1  1  4  4  5
      1    5  4  2  3  6  1  5  1  1  3  5  5
      1    5  3  4  2  6  7  5  1  3  3  3  5
      1    5  4  2  3  6  7  5  1  2  3  4  5
      1    5  4  3  6  2  9  5  1  1  3  5  5
      1    5  2  3  4  6  9  5  1  3  3  3  5
      1    5  3  4  2  8  6  5  2  2  2  4  5
      1    5  3  4  2  8  5  5  1  2  2  5  5
      1    5  3  4  2  8  1  5  1  2  3  4  5
      1    5  3  2  4  8  1  5  1  1  3  5  5
      1    5  3  4  2  8  1  5  1  2  2  5  5
      1    5  4  3  2  8  7  5  1  1  4  5  5
      1    5  3  4  2  7  8  5  1  2  3  4  5
      1    5  3  4  2  8  9  5  2  2  2  4  5
      1    5  2  3  4  8  9  5  1  1  4  4  5
      1    5  3  4  2  8  9  5  1  1  3  5  5
  0
Southside
