id,np,ncl, non_map(:). top elected sets (clustering,non-clustering) + objective data
  1  2  2   1 1 1 1 1 2 1    1  2  0  0  0      1  2  0  0  0    2  3  0  0  0
           5088   896 568     896 100   568 100
  2  3  3   1 2 1 2 2 2 2    1  2  3  0  0      1  3  4  0  0    1  2  3  0  0
           3373   804 420     807 100   420 100
  3  4  3   1 1 1 1 1 1 1    1  2  3  4  0      1  2  3  4  0
           3530   808 437     808 100   438 100
  4  4  2   1 1 2 2 3 3 3    1  2  3  5  0      1  2  3  5  0    1  2  3  6  0    1  2  3  4  0
           2257   674 335     674 100   347  97
  5  3  2   1 1 1 1 1 1 1    1  2  3  0  0      1  2  3  0  0
           2871   682 421     696  98   444  95
  6  6  3   1 1 1 1 1 1 1    1  2  3  4  5      1  2  3  4  5
           3502   812 431     815 100   431 100
  7  4  2   1 1 1 1 2 2 2    1  2  3  5  0      1  2  3  5  0    1  2  3  4  0
           2287   656 349     656 100   349 100
  8  4  2   1 2 1 2 2 2 2    1  2  4  5  0      1  2  3  5  0    1  2  3  4  0
           2111   666 317     666 100   348  91
  9  4  2   1 1 1 1 1 1 1    1  2  3  4  0      1  2  3  4  0
           2863   706 406     706 100   406 100
 10  4  3   1 2 1 1 2 2 2    1  2  3  4  0      1  2  3  5  0    1  2  3  4  0
           2243   629 357     634  99   357 100
 11  3  3   1 1 1 1 1 1 1    1  2  3  0  0      1  2  3  0  0
           4291   855 502     857 100   502 100
 12  4  2   1 1 1 1 1 1 1    1  2  3  7  0      1  2  3  4  0
           1912   592 323     593 100   329  98
 13  4  2   1 1 1 1 1 1 1    1  2  3  4  0      1  2  3  4  0
           2855   711 402     711 100   402 100
 14  4  2   1 1 1 1 1 1 1    1  2  3  7  0      1  2  3  4  0
           2254   684 329     684 100   334  99
 15  4  2   1 1 1 1 1 1 1    1  2  3  4  0      1  2  3  4  0
           2927   685 427     685 100   431  99
 16  4  3   1 1 1 1 1 2 1    1  2  3  4  0      1  2  3  4  0    1  2  3  6  0
           3347   782 428     788  99   428 100
 17  3  2   1 1 1 1 1 1 1    1  2  3  0  0      1  2  3  0  0
           3831   785 488     785 100   488 100
 18  4  3   1 1 1 1 2 2 2    1  2  3  5  0      1  2  3  5  0    1  2  3  4  0
           2409   724 332     753  96   337  99
 19  4  3   1 1 1 1 1 1 1    1  2  3  4  0      1  2  3  4  0
           3948   859 459     859 100   466  99
 20  5  2   1 1 1 2 1 1 1    1  2  3  4  5      1  2  3  4  5    1  2  3  4  6
           1917   568 337     574  99   337 100
 21  3  2   1 1 1 1 1 1 1    2  3  5  0  0      1  2  3  0  0
           2561   598 428     598 100   428 100
 22  4  2   1 1 1 1 1 1 1    1  2  3  4  0      1  2  3  4  0
           3118   752 415     752 100   415 100
 23  4  3   1 1 1 2 1 1 2    1  2  3  5  0      1  2  3  5  0    1  2  3  4  0
           3434   790 435     793 100   435 100
 24  3  3   1 1 2 2 1 3 1    1  2  4  0  0      1  2  3  0  0    1  2  5  0  0    1  2  4  0  0
           3186   715 445     783  91   445 100
 25  4  2   1 1 1 1 1 1 1    1  2  3  4  0      1  2  3  4  0
           2959   675 438     675 100   438 100
 26  4  2   1 1 1 1 2 2 2    1  2  3  5  0      1  2  3  5  0    1  2  3  4  0
           2982   719 414     719 100   414 100
 27  3  2   1 1 1 1 1 1 1    1  2  3  0  0      1  2  3  0  0
           4118   775 532     775 100   532 100
 28  2  1   1 1 1 1 1 1 1    1  2  0  0  0      1  2  0  0  0
           2990   442 677     442 100   677 100
 29  2  2   1 2 1 1 3 3 3    1  3  0  0  0      2  3  0  0  0    1  3  0  0  0    1  2  0  0  0
           5139   886 580     886 100   580 100
 30  3  2   1 1 1 1 1 1 1    1  2  3  0  0      1  2  3  0  0
           3257   616 529     625  99   529 100
 31  4  2   1 1 1 1 1 1 1    1  2  3  4  0      1  2  3  4  0
           4047   822 492     822 100   498  99
 32  3  1   1 1 2 2 1 1 1    1  2  3  0  0      1  2  3  0  0    1  3  4  0  0
           3536   629 563     629 100   563 100
 33  3  1   1 1 1 1 1 1 1    1  2  3  0  0      1  2  3  0  0
           3204   535 599     535 100   599 100
 34  3  2   1 2 1 1 2 2 2    1  2  3  0  0      1  3  4  0  0    1  2  3  0  0
           4106   821 500     821 100   500 100
 35  3  2   1 2 1 1 1 1 1    1  2  4  0  0      1  2  3  0  0    1  2  4  0  0
           3310   680 487     692  98   487 100
 36  3  1   1 1 2 2 1 1 1    1  2  3  0  0      1  2  3  0  0    1  2  4  0  0
           2614   461 568     466  99   568 100
 37  3  2   1 1 1 1 1 1 1    1  2  3  0  0      1  2  3  0  0
           4821   920 524     920 100   524 100
 38  3  3   1 1 1 2 1 3 1    1  2  4  0  0      1  2  3  0  0    1  3  4  0  0    1  2  4  0  0
           4334   807 537     807 100   537 100
 39  3  3   1 1 1 1 1 1 1    1  2  3  0  0      1  2  3  0  0
           4346   822 528     822 100   528 100
 40  3  3   1 2 1 1 2 2 2    1  2  3  0  0      1  3  4  0  0    1  2  3  0  0
           4418   814 542     820  99   546  99
