Tweeddale_West   Scottish_Borders  2012
'Rating type, # raw ballots, # processed, final # combined: '  1      3587       571       539
'# candidates to be elected, # reduced, original #: '  3  6  6
'Max # ranked or rated, max # rating levels, undervote penalty: '  6  6  1
'Original candidates, as reordered: '  2  4  3  1  5  6

'           Rating data: '
'Max # pos & neg ratings: '  4  2
'Rating point values: '  10.00   6.43   3.57   1.43  -4.00 -10.00
    256    2  3  6  0  0  0  0  1  1  6  0  0  0  0
    236    2  4  6  0  0  0  0  1  2  5  0  0  0  0
    162    2  1  2  0  0  0  0  1  1  6  0  0  0  0
    157    3  3  1  2  0  0  0  2  1  4  6  0  0  0
    112    2  5  6  0  0  0  0  1  1  6  0  0  0  0
    107    2  6  1  0  0  0  0  1  1  6  0  0  0  0
     83    2  5  4  0  0  0  0  1  1  6  0  0  0  0
     78    3  1  2  4  0  0  0  2  1  4  6  0  0  0
     73    3  1  2  3  0  0  0  2  1  4  6  0  0  0
     73    2  3  5  0  0  0  0  1  1  6  0  0  0  0
     69    3  5  1  2  0  0  0  2  1  4  6  0  0  0
     61    3  1  2  6  0  0  0  2  1  4  6  0  0  0
     52    2  1  6  0  0  0  0  1  1  6  0  0  0  0
     48    2  3  1  0  0  0  0  1  1  6  0  0  0  0
     48    3  5  3  2  0  0  0  2  1  4  6  0  0  0
     47    3  4  1  2  0  0  0  2  3  3  6  0  0  0
     39    3  1  3  2  0  0  0  2  1  4  6  0  0  0
     38    2  4  6  0  0  0  0  1  1  6  0  0  0  0
     38    2  1  2  0  0  0  0  1  2  5  0  0  0  0
     35    3  6  1  2  0  0  0  2  1  4  6  0  0  0
     35    2  2  6  0  0  0  0  1  1  6  0  0  0  0
     34    3  2  1  3  0  0  0  2  1  4  6  0  0  0
     33    2  4  1  0  0  0  0  1  1  6  0  0  0  0
     32    3  5  4  6  0  0  0  2  1  4  6  0  0  0
     31    2  3  2  0  0  0  0  1  1  6  0  0  0  0
     29    3  4  6  5  0  0  0  2  1  4  6  0  0  0
     26    3  3  1  5  0  0  0  2  1  4  6  0  0  0
     25    3  1  3  5  0  0  0  2  1  4  6  0  0  0
     21    2  5  3  0  0  0  0  1  1  6  0  0  0  0
     20    3  3  2  5  0  0  0  2  2  3  6  0  0  0
     19    3  4  2  5  0  0  0  2  1  4  6  0  0  0
     19    4  3  1  2  5  0  0  2  1  2  5  6  0  0
     18    2  6  4  0  0  0  0  1  1  6  0  0  0  0
     17    3  4  6  2  0  0  0  2  1  4  6  0  0  0
     17    3  1  5  2  0  0  0  2  2  4  6  0  0  0
     16    6  3  1  2  5  4  6  4  1  1  1  4  6  6
     16    3  2  1  5  0  0  0  2  1  4  6  0  0  0
     15    2  1  4  0  0  0  0  1  1  6  0  0  0  0
     15    2  1  3  0  0  0  0  1  1  6  0  0  0  0
     14    3  4  1  5  0  0  0  2  1  4  6  0  0  0
     14    3  4  1  6  0  0  0  2  1  4  6  0  0  0
     14    2  4  2  0  0  0  0  1  1  6  0  0  0  0
     14    3  4  2  1  0  0  0  2  2  3  6  0  0  0
     14    3  3  4  5  0  0  0  2  1  4  6  0  0  0
     14    3  2  1  6  0  0  0  2  1  4  6  0  0  0
     14    3  5  4  3  0  0  0  2  1  4  6  0  0  0
     13    3  6  2  1  0  0  0  2  1  4  6  0  0  0
     12    3  5  4  1  0  0  0  2  2  3  6  0  0  0
     12    3  1  4  3  0  0  0  2  1  4  6  0  0  0
     12    4  2  1  6  4  0  0  2  1  2  5  6  0  0
     12    2  3  4  0  0  0  0  1  1  6  0  0  0  0
     12    2  5  1  0  0  0  0  1  1  6  0  0  0  0
     12    3  6  5  4  0  0  0  2  1  4  6  0  0  0
     11    3  5  2  1  0  0  0  2  1  4  6  0  0  0
     11    3  5  2  1  0  0  0  2  2  3  6  0  0  0
     10    3  4  5  3  0  0  0  2  1  4  6  0  0  0
     10    4  1  2  3  5  0  0  2  1  1  5  6  0  0
     10    3  2  3  5  0  0  0  2  1  4  6  0  0  0
     10    3  5  6  4  0  0  0  2  1  4  6  0  0  0
     10    3  5  1  3  0  0  0  2  1  4  6  0  0  0
      9    2  4  3  0  0  0  0  1  1  6  0  0  0  0
      9    3  4  6  1  0  0  0  2  1  4  6  0  0  0
      9    4  1  2  6  5  0  0  2  1  2  5  6  0  0
      9    2  1  5  0  0  0  0  1  1  6  0  0  0  0
      9    4  3  5  2  1  0  0  2  1  1  6  6  0  0
      9    3  2  1  4  0  0  0  2  1  4  6  0  0  0
      9    3  3  5  1  0  0  0  2  1  4  6  0  0  0
      9    2  6  2  0  0  0  0  1  2  5  0  0  0  0
      8    3  4  3  5  0  0  0  2  1  4  6  0  0  0
      8    4  1  2  5  3  0  0  2  1  1  6  6  0  0
      8    3  1  3  6  0  0  0  2  1  4  6  0  0  0
      8    4  3  5  1  2  0  0  2  1  4  5  6  0  0
      8    2  2  3  0  0  0  0  1  1  6  0  0  0  0
      8    3  5  3  6  0  0  0  2  1  4  6  0  0  0
      8    3  6  4  1  0  0  0  2  1  4  6  0  0  0
      7    6  4  5  2  6  1  3  4  1  2  3  4  6  6
      7    3  1  4  6  0  0  0  2  1  4  6  0  0  0
      7    6  1  2  4  5  6  3  4  2  2  2  4  6  6
      7    4  1  2  5  6  0  0  2  1  3  5  6  0  0
      7    3  1  5  4  0  0  0  2  2  3  6  0  0  0
      7    6  3  1  2  6  5  4  4  1  3  3  3  6  6
      7    3  3  2  4  0  0  0  2  2  3  6  0  0  0
      7    3  2  6  1  0  0  0  2  2  3  6  0  0  0
      7    3  6  1  4  0  0  0  2  1  4  6  0  0  0
      6    4  4  2  1  5  0  0  2  1  1  6  6  0  0
      6    3  4  3  1  0  0  0  2  1  4  6  0  0  0
      6    4  1  2  4  5  0  0  2  1  2  5  6  0  0
      6    6  1  2  5  4  6  3  4  1  2  4  4  6  6
      6    6  1  2  5  6  4  3  4  1  3  3  4  6  6
      6    4  1  6  2  4  0  0  3  2  3  4  6  0  0
      6    6  1  2  6  5  3  4  4  1  3  3  4  6  6
      6    3  3  4  1  0  0  0  2  1  4  6  0  0  0
      6    3  3  1  4  0  0  0  2  1  4  6  0  0  0
      6    6  3  1  2  4  5  6  4  1  2  3  4  6  6
      6    4  3  2  1  5  0  0  2  2  2  5  6  0  0
      6    6  3  5  2  6  1  4  4  1  1  2  4  6  6
      6    3  3  6  5  0  0  0  2  1  4  6  0  0  0
      6    3  2  4  1  0  0  0  2  1  4  6  0  0  0
      6    3  5  1  6  0  0  0  2  1  4  6  0  0  0
      6    3  5  4  6  0  0  0  2  2  3  6  0  0  0
      6    3  6  2  5  0  0  0  2  1  4  6  0  0  0
      6    3  6  5  2  0  0  0  2  1  4  6  0  0  0
      5    6  4  3  1  5  2  6  4  1  1  4  4  6  6
      5    6  4  5  2  1  6  3  4  1  2  3  4  6  6
      5    6  1  4  6  2  5  3  4  1  3  3  4  6  6
      5    4  1  3  2  5  0  0  2  1  1  6  6  0  0
      5    6  1  3  2  5  6  4  4  1  1  4  4  6  6
      5    6  4  1  2  6  5  3  4  1  1  1  4  6  6
      5    4  1  2  3  4  0  0  2  1  3  5  6  0  0
      5    6  1  3  2  5  4  6  4  1  1  2  4  6  6
      5    4  2  1  5  4  0  0  2  1  2  5  6  0  0
      5    3  1  5  6  0  0  0  2  2  3  6  0  0  0
      5    3  3  4  2  0  0  0  2  1  4  6  0  0  0
      5    3  3  2  6  0  0  0  2  1  4  6  0  0  0
      5    2  2  4  0  0  0  0  1  1  6  0  0  0  0
      5    4  2  1  5  4  0  0  3  2  3  4  6  0  0
      5    3  2  5  4  0  0  0  2  1  4  6  0  0  0
      5    3  2  6  5  0  0  0  2  1  4  6  0  0  0
      5    4  5  2  3  1  0  0  2  2  2  5  6  0  0
      5    2  5  2  0  0  0  0  1  1  6  0  0  0  0
      5    3  5  2  4  0  0  0  2  1  4  6  0  0  0
      5    4  6  1  2  4  0  0  2  1  1  6  6  0  0
      5    3  6  1  5  0  0  0  2  1  4  6  0  0  0
      5    6  6  5  4  1  2  3  4  1  2  4  4  6  6
      5    3  6  5  1  0  0  0  2  2  3  6  0  0  0
      4    6  4  1  6  2  3  5  4  1  1  3  4  6  6
      4    4  4  1  5  2  0  0  3  2  3  4  6  0  0
      4    6  1  4  2  6  5  3  4  1  2  4  4  6  6
      4    3  1  4  5  0  0  0  2  1  4  6  0  0  0
      4    6  1  4  2  3  6  5  4  1  1  1  4  6  6
      4    6  1  2  4  5  3  6  4  1  1  1  4  6  6
      4    6  1  4  2  3  6  5  4  1  1  3  4  6  6
      4    6  1  2  3  5  6  4  4  1  2  4  4  6  6
      4    4  1  2  3  6  0  0  2  1  2  5  6  0  0
      4    6  1  2  5  3  6  4  4  2  2  3  3  6  6
      4    3  1  5  3  0  0  0  2  2  3  6  0  0  0
      4    3  1  6  5  0  0  0  2  1  4  6  0  0  0
      4    6  1  3  4  2  5  6  4  1  2  2  4  6  6
      4    4  3  1  5  2  0  0  2  1  1  6  6  0  0
      4    6  3  2  5  6  1  4  4  1  4  4  4  5  6
      4    4  2  3  1  5  0  0  2  1  1  6  6  0  0
      4    6  2  1  3  5  6  4  4  1  1  4  4  6  6
      4    4  2  1  5  3  0  0  2  1  2  5  6  0  0
      4    3  2  3  4  0  0  0  2  2  3  6  0  0  0
      4    3  2  5  1  0  0  0  2  1  4  6  0  0  0
      4    3  2  5  3  0  0  0  2  2  3  6  0  0  0
      4    3  4  5  1  0  0  0  2  1  4  6  0  0  0
      4    6  5  1  2  4  3  6  4  1  2  4  4  6  6
      4    4  5  3  1  2  0  0  2  1  2  5  6  0  0
      4    3  5  2  3  0  0  0  2  1  4  6  0  0  0
      4    3  5  6  1  0  0  0  2  1  4  6  0  0  0
      4    3  6  5  3  0  0  0  2  1  4  6  0  0  0
      4    2  6  3  0  0  0  0  1  1  6  0  0  0  0
      3    3  4  1  3  0  0  0  2  1  4  6  0  0  0
      3    4  4  1  2  6  0  0  2  1  1  6  6  0  0
      3    4  4  5  1  6  0  0  2  1  1  6  6  0  0
      3    4  4  1  6  2  0  0  3  2  3  4  6  0  0
      3    4  3  1  4  5  0  0  2  1  1  6  6  0  0
      3    3  4  3  2  0  0  0  2  2  3  6  0  0  0
      3    4  4  2  6  1  0  0  2  1  1  6  6  0  0
      3    4  1  4  2  5  0  0  3  2  3  4  6  0  0
      3    6  1  3  2  4  5  6  4  1  3  3  4  6  6
      3    6  1  3  5  4  2  6  4  1  1  2  4  6  6
      3    4  1  2  4  3  0  0  2  2  2  5  6  0  0
      3    5  1  2  3  5  6  0  3  2  2  3  5  6  0
      3    6  1  2  3  5  4  6  4  1  3  3  4  6  6
      3    6  2  1  5  4  3  6  4  1  2  2  4  6  6
      3    4  2  1  6  3  0  0  2  1  2  5  6  0  0
      3    6  2  1  6  3  4  5  4  1  2  3  4  6  6
      3    4  5  1  2  3  0  0  2  1  2  5  6  0  0
      3    3  1  6  4  0  0  0  2  1  4  6  0  0  0
      3    4  6  1  2  5  0  0  2  1  2  5  6  0  0
      3    6  3  4  5  1  2  6  4  2  2  2  4  6  6
      3    6  1  3  2  5  4  6  4  1  2  3  4  6  6
      3    6  2  3  1  6  5  4  4  1  2  3  4  6  6
      3    4  3  2  5  1  0  0  2  2  2  5  6  0  0
      3    6  3  2  5  1  6  4  4  2  2  3  4  6  6
      3    6  3  5  1  2  4  6  4  1  1  2  4  6  6
      3    6  5  3  2  1  4  6  4  1  2  3  4  6  6
      3    3  3  5  6  0  0  0  2  1  4  6  0  0  0
      3    4  2  1  4  6  0  0  2  1  2  5  6  0  0
      3    4  2  1  6  4  0  0  3  3  3  3  6  0  0
      3    4  3  2  5  1  0  0  3  2  3  4  6  0  0
      3    2  2  5  0  0  0  0  1  1  6  0  0  0  0
      3    3  2  5  6  0  0  0  2  1  4  6  0  0  0
      3    3  5  4  2  0  0  0  2  1  4  6  0  0  0
      3    3  5  1  4  0  0  0  2  1  4  6  0  0  0
      3    6  5  4  1  3  2  6  4  1  2  3  4  6  6
      3    4  5  1  3  2  0  0  2  1  2  5  6  0  0
      3    6  5  1  6  2  4  3  4  1  1  3  4  6  6
      3    6  5  2  1  4  3  6  4  1  2  2  4  6  6
      3    3  5  6  2  0  0  0  2  2  3  6  0  0  0
      3    3  6  4  2  0  0  0  2  1  4  6  0  0  0
      3    3  6  3  5  0  0  0  2  1  4  6  0  0  0
      3    3  6  2  3  0  0  0  2  1  4  6  0  0  0
      2    4  4  1  2  3  0  0  2  1  2  5  6  0  0
      2    6  4  2  6  1  5  3  4  1  3  3  4  6  6
      2    4  4  2  1  5  0  0  2  1  2  5  6  0  0
      2    6  4  6  1  5  2  3  4  1  1  3  4  6  6
      2    5  4  1  5  6  2  0  3  1  1  4  6  6  0
      2    3  4  3  6  0  0  0  2  2  3  6  0  0  0
      2    6  4  2  1  6  5  3  4  1  3  3  4  6  6
      2    3  4  2  3  0  0  0  2  1  4  6  0  0  0
      2    4  4  2  5  6  0  0  2  1  1  6  6  0  0
      2    4  4  5  6  1  0  0  2  1  1  6  6  0  0
      2    6  5  4  3  2  1  6  4  1  2  4  4  6  6
      2    4  4  5  2  1  0  0  2  2  2  5  6  0  0
      2    6  4  2  5  1  3  6  4  1  1  3  4  6  6
      2    6  5  4  1  6  3  2  4  1  2  2  4  6  6
      2    6  4  5  6  2  1  3  4  1  2  3  4  6  6
      2    4  4  6  1  2  0  0  2  1  2  5  6  0  0
      2    5  4  6  1  2  5  0  3  1  1  4  6  6  0
      2    3  4  3  6  0  0  0  2  1  4  6  0  0  0
      2    4  4  6  1  2  0  0  3  2  3  4  6  0  0
      2    6  4  6  2  1  5  3  4  1  2  4  4  6  6
      2    4  4  6  5  1  0  0  2  1  1  6  6  0  0
      2    4  1  4  3  2  0  0  2  2  2  5  6  0  0
      2    6  1  4  3  2  5  6  4  2  3  3  3  6  6
      2    6  1  4  2  3  5  6  4  1  1  3  4  6  6
      2    5  1  4  2  5  6  0  3  1  1  4  6  6  0
      2    6  4  1  2  6  5  3  4  1  2  3  4  6  6
      2    4  1  4  2  6  0  0  2  1  1  6  6  0  0
      2    4  1  3  5  2  0  0  2  1  2  5  6  0  0
      2    6  1  2  3  6  5  4  4  1  3  4  4  5  6
      2    6  1  2  4  3  5  6  4  1  2  2  4  6  6
      2    6  1  2  3  6  5  4  4  1  2  3  4  6  6
      2    5  2  1  3  6  5  0  3  1  2  3  6  6  0
      2    5  1  2  5  3  6  0  3  1  1  4  6  6  0
      2    5  5  2  1  6  3  0  3  1  2  4  6  6  0
      2    6  1  2  5  6  3  4  4  1  2  3  4  6  6
      2    4  1  5  4  2  0  0  3  3  3  4  6  0  0
      2    6  1  5  4  6  2  3  4  2  3  3  4  5  6
      2    4  1  5  2  4  0  0  2  1  1  6  6  0  0
      2    4  1  6  2  4  0  0  2  1  1  6  6  0  0
      2    4  1  6  2  3  0  0  2  1  1  6  6  0  0
      2    4  3  4  1  2  0  0  2  1  1  6  6  0  0
      2    4  3  1  4  2  0  0  2  1  2  5  6  0  0
      2    4  3  1  2  6  0  0  2  1  2  5  6  0  0
      2    4  3  2  1  4  0  0  2  1  3  5  6  0  0
      2    6  3  2  5  1  6  4  4  1  1  3  4  6  6
      2    6  2  3  1  5  4  6  4  1  3  3  3  6  6
      2    5  3  2  6  5  1  0  3  1  1  4  6  6  0
      2    3  3  1  6  0  0  0  2  1  4  6  0  0  0
      2    4  3  6  2  5  0  0  2  2  2  5  6  0  0
      2    6  2  4  1  5  6  3  4  1  1  3  4  6  6
      2    3  2  4  3  0  0  0  2  2  3  6  0  0  0
      2    3  2  4  5  0  0  0  2  1  4  6  0  0  0
      2    3  2  6  4  0  0  0  2  2  3  6  0  0  0
      2    4  2  1  3  6  0  0  2  1  2  5  6  0  0
      2    6  1  2  4  5  3  6  4  1  2  2  4  6  6
      2    6  2  1  5  3  6  4  4  1  3  3  3  6  6
      2    6  2  1  3  6  4  5  4  2  3  3  4  5  6
      2    6  2  6  1  4  5  3  4  1  1  3  4  6  6
      2    6  2  1  3  5  6  4  4  1  2  4  4  6  6
      2    4  2  1  5  6  0  0  2  2  2  5  6  0  0
      2    6  2  1  6  5  3  4  4  1  2  3  4  6  6
      2    6  2  5  3  6  1  4  4  1  2  3  4  6  6
      2    3  2  3  6  0  0  0  2  1  4  6  0  0  0
      2    6  2  5  1  4  6  3  4  1  2  3  4  6  6
      2    6  2  5  1  6  3  4  4  1  2  2  4  6  6
      2    2  2  6  0  0  0  0  1  2  5  0  0  0  0
      2    6  5  4  1  2  6  3  4  1  1  2  4  6  6
      2    6  2  5  4  1  6  3  4  1  2  3  4  6  6
      2    6  5  1  4  6  2  3  4  1  2  3  4  6  6
      2    6  5  1  2  4  3  6  4  2  2  4  4  5  6
      2    6  5  2  3  6  4  1  4  1  2  3  4  6  6
      2    4  5  2  4  1  0  0  2  1  1  6  6  0  0
      2    6  5  4  2  6  1  3  4  1  1  2  4  6  6
      2    6  5  2  1  6  4  3  4  1  2  3  4  6  6
      2    6  5  2  3  1  6  4  4  1  2  2  4  6  6
      2    6  5  6  2  1  4  3  4  1  1  2  4  6  6
      2    6  6  4  1  2  5  3  4  1  2  4  4  6  6
      2    6  6  4  5  1  2  3  4  1  2  3  4  6  6
      2    3  6  3  4  0  0  0  2  1  4  6  0  0  0
      2    4  6  4  2  1  0  0  2  1  1  6  6  0  0
      2    6  6  5  4  2  1  3  4  1  1  3  4  6  6
      2    6  6  2  4  1  5  3  4  1  2  3  4  6  6
      2    6  6  5  4  1  3  2  4  1  1  2  4  6  6
      2    6  6  5  1  4  3  2  4  1  1  3  4  6  6
      2    4  5  2  6  1  0  0  2  1  1  6  6  0  0
      2    6  6  5  2  1  4  3  4  1  2  3  4  6  6
      1    4  4  1  3  2  0  0  2  2  2  5  6  0  0
      1    6  4  1  3  2  5  6  4  1  1  3  4  6  6
      1    6  4  3  1  5  2  6  4  1  2  3  4  6  6
      1    4  4  1  3  6  0  0  2  2  2  5  6  0  0
      1    5  4  1  2  3  5  0  3  1  2  3  6  6  0
      1    6  4  2  1  3  6  5  4  1  2  3  4  6  6
      1    5  4  1  5  2  3  0  3  1  1  3  6  6  0
      1    6  4  1  2  3  5  6  4  1  1  4  4  6  6
      1    5  4  1  2  5  6  0  3  1  1  4  6  6  0
      1    6  4  1  5  2  6  3  4  2  2  3  4  5  6
      1    6  4  1  5  6  2  3  4  1  2  3  4  6  6
      1    4  4  6  1  3  0  0  2  2  2  5  6  0  0
      1    6  4  6  1  3  2  5  4  2  2  4  4  5  6
      1    4  4  1  3  2  0  0  2  1  2  5  6  0  0
      1    6  4  2  3  1  5  6  4  1  2  3  4  6  6
      1    4  4  3  5  2  0  0  3  3  3  4  6  0  0
      1    6  4  3  5  6  2  1  4  1  2  3  4  6  6
      1    6  4  3  6  5  1  2  4  1  3  3  4  6  6
      1    6  4  1  2  5  6  3  4  1  1  2  4  6  6
      1    6  4  2  1  5  3  6  4  2  2  3  3  6  6
      1    4  4  2  1  6  0  0  2  1  2  5  6  0  0
      1    4  4  2  5  1  0  0  2  1  2  5  6  0  0
      1    6  4  2  5  1  3  6  4  1  3  4  4  5  6
      1    6  4  2  5  6  1  3  4  1  1  3  4  6  6
      1    6  4  2  5  6  3  1  4  2  2  2  4  6  6
      1    6  4  2  5  6  3  1  4  1  1  4  4  6  6
      1    6  4  6  2  1  5  3  4  1  2  3  4  6  6
      1    5  4  5  1  2  6  0  3  1  1  4  6  6  0
      1    6  5  4  1  2  6  3  4  1  3  3  4  6  6
      1    5  4  5  1  3  2  0  3  1  1  4  6  6  0
      1    6  4  3  5  1  2  6  4  1  1  3  4  6  6
      1    4  4  3  5  2  0  0  2  1  3  5  6  0  0
      1    6  4  5  2  3  6  1  4  1  1  3  4  6  6
      1    4  4  5  3  6  0  0  2  1  2  5  6  0  0
      1    6  4  5  3  6  2  1  4  2  3  3  3  6  6
      1    6  4  5  3  2  1  6  4  1  3  3  4  6  6
      1    6  4  2  5  6  3  1  4  1  1  3  4  6  6
      1    4  4  5  6  1  0  0  2  1  3  5  6  0  0
      1    6  4  5  6  1  2  3  4  2  2  2  4  6  6
      1    6  4  6  5  3  1  2  4  2  2  3  4  6  6
      1    4  4  5  6  2  0  0  2  1  1  6  6  0  0
      1    5  4  5  2  1  6  0  3  1  3  3  6  6  0
      1    6  4  6  1  3  2  5  4  1  1  3  4  6  6
      1    6  4  6  1  2  5  3  4  1  2  2  4  6  6
      1    4  6  2  4  5  0  0  2  1  1  6  6  0  0
      1    6  4  6  2  1  5  3  4  1  2  2  4  6  6
      1    6  4  6  2  5  3  1  4  1  2  2  4  6  6
      1    6  4  6  5  1  2  3  4  1  1  2  4  6  6
      1    6  4  6  3  5  2  1  4  1  3  3  4  6  6
      1    4  4  6  5  2  0  0  2  2  2  5  6  0  0
      1    6  1  4  3  5  2  6  4  1  2  2  4  6  6
      1    4  1  4  3  5  0  0  3  2  3  4  6  0  0
      1    4  1  2  4  3  0  0  2  1  2  5  6  0  0
      1    6  4  1  3  2  5  6  4  2  3  3  4  5  6
      1    6  1  2  4  5  3  6  4  2  2  3  4  6  6
      1    6  1  4  2  6  3  5  4  2  2  3  4  6  6
      1    6  1  4  5  2  6  3  4  1  1  3  4  6  6
      1    6  1  4  5  6  2  3  4  1  1  3  4  6  6
      1    4  1  6  4  2  0  0  2  1  2  5  6  0  0
      1    6  1  4  6  2  3  5  4  1  2  3  4  6  6
      1    6  1  4  6  2  5  3  4  1  2  4  4  6  6
      1    5  1  4  6  5  2  0  3  1  2  2  6  6  0
      1    6  1  4  6  5  2  3  4  1  2  4  4  6  6
      1    4  1  4  3  2  0  0  3  2  3  4  6  0  0
      1    4  1  4  3  6  0  0  2  1  1  6  6  0  0
      1    5  1  4  3  6  2  0  3  1  1  4  6  6  0
      1    4  1  3  2  4  0  0  2  1  2  5  6  0  0
      1    6  1  3  2  6  4  5  4  1  2  4  4  6  6
      1    6  1  3  2  6  4  5  4  1  2  3  4  6  6
      1    5  1  5  3  6  2  0  3  1  1  3  6  6  0
      1    6  1  3  5  4  2  6  4  1  2  2  4  6  6
      1    5  1  3  2  5  6  0  3  1  2  3  6  6  0
      1    6  1  3  6  5  4  2  4  1  2  4  4  6  6
      1    3  1  6  3  0  0  0  2  1  4  6  0  0  0
      1    4  1  3  6  2  0  0  2  1  1  6  6  0  0
      1    6  1  3  6  2  5  4  4  1  2  2  4  6  6
      1    5  1  2  6  5  4  0  3  1  2  4  6  6  0
      1    6  1  2  6  4  3  5  4  1  2  3  4  6  6
      1    5  1  2  5  4  3  0  3  1  1  4  6  6  0
      1    6  1  2  5  3  4  6  4  1  2  4  4  6  6
      1    5  1  2  5  6  4  0  3  1  3  4  5  6  0
      1    6  1  2  6  4  5  3  4  1  3  3  3  6  6
      1    6  1  2  6  3  4  5  4  1  2  3  4  6  6
      1    5  1  2  6  3  5  0  3  2  2  3  5  6  0
      1    6  1  4  5  3  2  6  4  1  2  4  4  6  6
      1    6  1  5  4  2  3  6  4  1  2  3  4  6  6
      1    6  1  5  3  2  6  4  4  1  1  3  4  6  6
      1    4  1  5  2  3  0  0  2  1  1  6  6  0  0
      1    6  1  5  2  6  3  4  4  1  2  3  4  6  6
      1    4  1  5  2  6  0  0  2  1  2  5  6  0  0
      1    6  1  5  2  6  4  3  4  1  3  3  4  6  6
      1    6  5  1  6  4  3  2  4  1  1  3  4  6  6
      1    6  1  6  5  2  4  3  4  1  1  3  4  6  6
      1    4  1  6  4  2  0  0  3  3  3  3  6  0  0
      1    5  1  6  4  2  5  0  3  1  2  3  6  6  0
      1    6  1  6  2  5  4  3  4  1  2  3  4  6  6
      1    5  1  2  6  5  4  0  3  1  1  4  6  6  0
      1    6  1  6  2  5  3  4  4  1  2  4  4  6  6
      1    6  3  4  1  2  6  5  4  2  3  4  4  5  6
      1    4  3  4  5  1  0  0  2  1  1  6  6  0  0
      1    6  1  3  4  5  6  2  4  1  2  3  4  6  6
      1    4  3  4  5  1  0  0  2  1  3  5  6  0  0
      1    6  3  4  1  2  6  5  4  1  1  2  4  6  6
      1    4  1  4  3  5  0  0  2  2  2  5  6  0  0
      1    5  3  1  4  2  5  0  3  1  1  4  6  6  0
      1    6  3  1  2  4  6  5  4  1  1  4  4  6  6
      1    5  1  2  3  5  4  0  3  2  2  3  5  6  0
      1    6  3  1  6  2  4  5  4  1  1  3  4  6  6
      1    5  1  2  3  6  5  0  3  1  2  3  6  6  0
      1    5  3  1  5  4  6  0  3  1  2  3  6  6  0
      1    6  3  1  5  6  2  4  4  1  2  2  4  6  6
      1    6  3  1  2  5  4  6  4  1  3  3  4  6  6
      1    6  3  1  5  6  2  4  4  2  2  4  4  5  6
      1    6  3  1  5  6  4  2  4  1  2  3  4  6  6
      1    5  1  3  5  6  2  0  3  1  3  3  6  6  0
      1    6  3  1  6  2  4  5  4  1  1  4  4  6  6
      1    4  3  2  4  1  0  0  2  1  2  5  6  0  0
      1    4  3  2  4  5  0  0  2  1  2  5  6  0  0
      1    4  3  4  2  6  0  0  2  1  2  5  6  0  0
      1    6  3  2  1  4  5  6  4  1  1  3  4  6  6
      1    4  3  2  6  1  0  0  2  1  1  6  6  0  0
      1    6  2  3  5  6  1  4  4  2  3  3  3  6  6
      1    4  3  5  4  1  0  0  2  1  2  5  6  0  0
      1    6  3  5  4  2  1  6  4  1  3  3  3  6  6
      1    6  3  5  4  6  1  2  4  1  2  3  4  6  6
      1    6  3  5  1  2  4  6  4  1  1  3  4  6  6
      1    5  3  1  5  2  6  0  3  1  1  4  6  6  0
      1    5  3  5  2  4  1  0  3  1  2  3  6  6  0
      1    6  3  5  2  4  6  1  4  1  2  2  4  6  6
      1    5  5  3  2  1  6  0  3  1  3  3  6  6  0
      1    6  3  5  2  6  4  1  4  2  2  3  4  6  6
      1    4  3  5  6  4  0  0  2  1  3  5  6  0  0
      1    6  3  5  6  2  4  1  4  1  3  4  4  5  6
      1    3  3  6  4  0  0  0  2  1  4  6  0  0  0
      1    4  3  6  4  2  0  0  2  1  2  5  6  0  0
      1    6  6  3  1  4  2  5  4  1  2  4  4  6  6
      1    5  3  6  4  5  2  0  3  2  2  3  5  6  0
      1    6  1  3  6  4  2  5  4  1  2  2  4  6  6
      1    6  3  6  1  2  5  4  4  1  1  3  4  6  6
      1    3  3  6  2  0  0  0  2  1  4  6  0  0  0
      1    4  3  6  2  1  0  0  2  1  2  5  6  0  0
      1    6  6  3  5  1  2  4  4  1  2  2  4  6  6
      1    6  3  6  5  4  1  2  4  1  2  4  4  6  6
      1    4  2  4  1  3  0  0  2  1  1  6  6  0  0
      1    5  2  4  3  5  1  0  3  1  4  4  5  6  0
      1    4  2  4  6  1  0  0  2  1  1  6  6  0  0
      1    4  2  4  6  3  0  0  2  1  1  6  6  0  0
      1    6  2  4  6  5  1  3  4  1  2  4  4  6  6
      1    4  2  1  4  3  0  0  2  1  1  6  6  0  0
      1    6  2  1  4  6  3  5  4  2  2  3  4  6  6
      1    4  2  1  4  5  0  0  2  1  2  5  6  0  0
      1    6  2  4  1  5  3  6  4  1  1  2  4  6  6
      1    6  2  1  4  5  6  3  4  1  1  4  4  6  6
      1    6  2  1  3  4  6  5  4  1  1  3  4  6  6
      1    4  3  2  1  4  0  0  2  1  2  5  6  0  0
      1    5  2  1  3  4  5  0  3  1  2  3  6  6  0
      1    6  2  1  3  4  5  6  4  1  2  3  4  6  6
      1    6  2  1  3  5  4  6  4  1  1  3  4  6  6
      1    6  2  1  3  6  5  4  4  2  2  3  4  6  6
      1    6  2  1  4  5  6  3  4  1  2  4  4  6  6
      1    4  2  5  1  6  0  0  2  1  1  6  6  0  0
      1    6  2  5  1  6  4  3  4  1  1  4  4  6  6
      1    5  2  1  6  4  5  0  3  2  2  3  5  6  0
      1    5  1  2  6  4  5  0  3  1  2  3  6  6  0
      1    6  2  1  6  5  4  3  4  1  1  4  4  6  6
      1    4  2  3  4  5  0  0  2  1  3  5  6  0  0
      1    6  2  1  4  3  5  6  4  2  2  2  4  6  6
      1    6  2  3  1  5  4  6  4  1  3  3  4  6  6
      1    4  2  3  5  4  0  0  2  1  2  5  6  0  0
      1    6  2  3  5  4  1  6  4  1  1  3  4  6  6
      1    4  2  5  3  1  0  0  2  1  2  5  6  0  0
      1    6  5  2  3  1  6  4  4  1  2  3  4  6  6
      1    5  2  5  4  3  1  0  3  1  1  4  6  6  0
      1    6  2  4  5  1  6  3  4  1  1  2  4  6  6
      1    6  2  4  5  3  6  1  4  1  2  3  4  6  6
      1    6  2  5  3  1  4  6  4  1  1  4  4  6  6
      1    5  2  5  3  1  4  0  3  1  2  3  6  6  0
      1    4  2  3  1  5  0  0  2  2  2  5  6  0  0
      1    6  2  5  3  1  4  6  4  1  2  2  4  6  6
      1    6  2  5  3  6  4  1  4  2  2  2  4  6  6
      1    6  2  5  6  4  3  1  4  1  2  3  4  6  6
      1    6  2  5  6  3  1  4  4  1  2  4  4  6  6
      1    3  2  4  6  0  0  0  2  2  3  6  0  0  0
      1    4  2  6  1  4  0  0  2  1  3  5  6  0  0
      1    6  2  6  1  3  5  4  4  1  1  3  4  6  6
      1    6  2  1  6  3  5  4  4  1  1  3  4  6  6
      1    3  2  6  3  0  0  0  2  1  4  6  0  0  0
      1    5  2  6  5  1  4  0  3  1  2  4  5  6  0
      1    6  2  6  4  5  1  3  4  1  1  3  4  6  6
      1    5  2  6  5  1  4  0  3  2  2  3  5  6  0
      1    6  5  4  1  3  2  6  4  1  4  4  4  5  6
      1    6  4  5  3  6  1  2  4  1  2  2  4  6  6
      1    6  5  4  2  6  1  3  4  1  2  2  4  6  6
      1    4  5  6  3  4  0  0  2  1  3  5  6  0  0
      1    6  5  4  6  2  1  3  4  1  2  2  4  6  6
      1    6  5  1  3  4  6  2  4  1  2  3  4  6  6
      1    5  1  5  4  6  2  0  3  1  2  4  6  6  0
      1    6  5  1  3  2  4  6  4  2  2  3  4  6  6
      1    6  5  1  6  3  2  4  4  1  3  3  4  6  6
      1    4  5  1  2  4  0  0  2  1  2  5  6  0  0
      1    6  5  1  2  4  6  3  4  1  1  2  4  6  6
      1    6  5  1  2  3  6  4  4  1  2  4  4  6  6
      1    4  5  1  2  6  0  0  2  1  1  6  6  0  0
      1    6  5  1  2  6  4  3  4  1  1  2  4  6  6
      1    4  5  1  6  3  0  0  2  1  2  5  6  0  0
      1    6  5  3  4  2  1  6  4  1  2  4  4  6  6
      1    5  3  5  1  4  2  0  3  1  2  3  6  6  0
      1    5  5  3  1  2  4  0  3  1  2  3  6  6  0
      1    6  5  3  2  1  4  6  4  1  1  3  4  6  6
      1    6  5  3  2  1  4  6  4  1  2  4  4  6  6
      1    6  5  3  2  6  1  4  4  1  1  3  4  6  6
      1    5  6  3  5  2  1  0  3  1  2  3  6  6  0
      1    5  5  2  4  1  3  0  3  1  3  3  6  6  0
      1    6  2  5  1  4  6  3  4  1  3  4  4  5  6
      1    4  2  5  3  6  0  0  3  2  3  4  6  0  0
      1    3  5  2  6  0  0  0  2  1  4  6  0  0  0
      1    5  5  2  6  3  4  0  3  2  2  4  5  6  0
      1    4  2  5  6  1  0  0  3  2  3  4  6  0  0
      1    6  5  6  4  1  3  2  4  1  1  2  4  6  6
      1    6  5  6  4  2  1  3  4  1  3  4  4  5  6
      1    6  6  4  5  2  3  1  4  2  2  3  3  6  6
      1    5  5  6  1  4  2  0  3  2  2  3  5  6  0
      1    6  6  3  5  4  1  2  4  1  1  2  4  6  6
      1    4  5  6  2  3  0  0  2  1  2  5  6  0  0
      1    6  5  2  6  3  4  1  4  1  2  4  4  6  6
      1    4  6  4  2  1  0  0  2  2  2  5  6  0  0
      1    5  6  4  2  1  5  0  3  1  2  3  6  6  0
      1    6  6  4  2  3  1  5  4  1  2  4  4  6  6
      1    6  6  1  4  3  2  5  4  1  1  3  4  6  6
      1    6  6  1  4  2  5  3  4  1  1  2  4  6  6
      1    6  6  1  4  5  2  3  4  1  1  1  4  6  6
      1    5  6  1  2  3  5  0  3  1  3  4  5  6  0
      1    5  6  1  2  4  3  0  3  1  3  4  5  6  0
      1    4  6  1  5  4  0  0  2  1  1  6  6  0  0
      1    6  6  1  5  4  2  3  4  1  2  3  4  6  6
      1    5  1  3  6  5  2  0  3  1  2  3  6  6  0
      1    6  1  6  5  2  4  3  4  1  3  3  4  6  6
      1    3  6  3  1  0  0  0  2  1  4  6  0  0  0
      1    4  6  3  1  2  0  0  2  2  2  5  6  0  0
      1    5  6  3  1  5  2  0  3  1  3  3  6  6  0
      1    3  6  2  4  0  0  0  2  1  4  6  0  0  0
      1    5  6  2  4  5  3  0  3  1  2  3  6  6  0
      1    4  2  6  1  4  0  0  2  1  2  5  6  0  0
      1    6  6  2  1  4  3  5  4  1  1  4  4  6  6
      1    6  6  2  1  3  4  5  4  1  2  2  4  6  6
      1    4  6  2  1  5  0  0  2  1  2  5  6  0  0
      1    6  6  2  1  5  3  4  4  1  3  3  3  6  6
      1    4  6  2  3  1  0  0  2  1  1  5  6  0  0
      1    6  6  3  5  2  1  4  4  1  3  3  4  6  6
      1    6  6  2  5  4  1  3  4  1  3  3  3  6  6
      1    6  6  5  4  1  2  3  4  1  2  3  4  6  6
      1    6  6  4  5  3  2  1  4  1  1  3  4  6  6
      1    4  6  4  5  2  0  0  2  1  3  5  6  0  0
      1    5  6  5  4  1  2  0  3  1  1  4  6  6  0
      1    4  5  6  1  3  0  0  2  1  2  5  6  0  0
      1    4  6  5  3  4  0  0  2  1  2  5  6  0  0
      1    6  6  5  1  3  2  4  4  1  1  1  4  6  6
      1    5  5  6  1  2  4  0  3  1  2  4  6  6  0
  0
Tweeddale_West
