Tweeddale_East   Scottish_Borders  2012
'Rating type, # raw ballots, # processed, final # combined: '  1      3749       634       598
'# candidates to be elected, # reduced, original #: '  3  6  6
'Max # ranked or rated, max # rating levels, undervote penalty: '  6  6  1
'Original candidates, as reordered: '  1  4  3  5  6  2

'           Rating data: '
'Max # pos & neg ratings: '  4  2
'Rating point values: '  10.00   6.43   3.57   1.43  -4.00 -10.00
    279    2  1  6  0  0  0  0  1  1  6  0  0  0  0
    218    2  2  6  0  0  0  0  1  1  6  0  0  0  0
    180    2  5  6  0  0  0  0  1  1  6  0  0  0  0
    119    2  6  1  0  0  0  0  1  1  6  0  0  0  0
    107    2  3  6  0  0  0  0  1  1  6  0  0  0  0
    105    2  2  3  0  0  0  0  1  1  6  0  0  0  0
     79    2  4  6  0  0  0  0  1  1  6  0  0  0  0
     66    2  2  4  0  0  0  0  1  1  6  0  0  0  0
     58    2  2  1  0  0  0  0  1  2  5  0  0  0  0
     56    2  1  5  0  0  0  0  1  1  6  0  0  0  0
     46    3  1  6  4  0  0  0  2  1  4  6  0  0  0
     44    2  3  2  0  0  0  0  1  1  6  0  0  0  0
     44    3  2  4  6  0  0  0  2  2  3  6  0  0  0
     43    3  2  3  4  0  0  0  2  1  4  6  0  0  0
     43    2  5  3  0  0  0  0  1  2  5  0  0  0  0
     40    2  1  4  0  0  0  0  1  1  6  0  0  0  0
     38    2  5  1  0  0  0  0  1  1  6  0  0  0  0
     37    3  2  3  6  0  0  0  2  1  4  6  0  0  0
     36    2  1  3  0  0  0  0  1  1  6  0  0  0  0
     36    3  1  5  4  0  0  0  2  2  3  6  0  0  0
     33    3  2  4  3  0  0  0  2  1  4  6  0  0  0
     31    2  3  4  0  0  0  0  1  1  6  0  0  0  0
     30    3  1  3  5  0  0  0  2  1  4  6  0  0  0
     29    3  1  6  3  0  0  0  2  1  4  6  0  0  0
     28    3  2  6  4  0  0  0  2  1  4  6  0  0  0
     27    3  1  4  3  0  0  0  2  1  4  6  0  0  0
     27    3  2  1  3  0  0  0  2  1  4  6  0  0  0
     27    3  2  3  5  0  0  0  2  1  4  6  0  0  0
     26    3  3  2  4  0  0  0  2  1  4  6  0  0  0
     25    2  3  5  0  0  0  0  1  1  6  0  0  0  0
     24    2  4  2  0  0  0  0  1  1  6  0  0  0  0
     23    3  3  2  6  0  0  0  2  1  4  6  0  0  0
     23    2  2  6  0  0  0  0  1  2  5  0  0  0  0
     23    2  5  4  0  0  0  0  1  1  6  0  0  0  0
     23    3  5  4  6  0  0  0  2  2  3  6  0  0  0
     22    3  1  6  4  0  0  0  2  2  3  6  0  0  0
     22    3  5  6  1  0  0  0  2  1  4  6  0  0  0
     21    3  3  5  2  0  0  0  2  1  4  6  0  0  0
     19    3  1  2  4  0  0  0  2  1  4  6  0  0  0
     19    3  4  6  2  0  0  0  2  1  4  6  0  0  0
     19    3  3  1  5  0  0  0  2  2  3  6  0  0  0
     18    2  6  4  0  0  0  0  1  1  6  0  0  0  0
     18    2  3  1  0  0  0  0  1  1  6  0  0  0  0
     18    3  4  1  6  0  0  0  2  1  4  6  0  0  0
     17    3  1  4  5  0  0  0  2  1  4  6  0  0  0
     17    3  1  5  3  0  0  0  2  2  3  6  0  0  0
     17    3  2  3  1  0  0  0  2  1  4  6  0  0  0
     17    3  2  5  3  0  0  0  2  1  4  6  0  0  0
     17    3  5  1  6  0  0  0  2  2  3  6  0  0  0
     17    3  5  6  4  0  0  0  2  2  4  6  0  0  0
     16    3  3  5  1  0  0  0  2  1  4  6  0  0  0
     16    3  5  6  3  0  0  0  2  1  4  6  0  0  0
     15    3  1  3  2  0  0  0  2  1  4  6  0  0  0
     15    3  2  1  4  0  0  0  2  1  4  6  0  0  0
     15    2  4  1  0  0  0  0  1  1  6  0  0  0  0
     14    3  1  6  5  0  0  0  2  1  4  6  0  0  0
     14    2  6  2  0  0  0  0  1  1  6  0  0  0  0
     14    3  6  4  5  0  0  0  2  1  4  6  0  0  0
     14    3  3  6  4  0  0  0  2  1  4  6  0  0  0
     14    3  3  4  6  0  0  0  2  1  4  6  0  0  0
     14    3  3  5  4  0  0  0  2  1  4  6  0  0  0
     14    3  5  4  1  0  0  0  2  1  4  6  0  0  0
     13    3  3  1  4  0  0  0  2  1  4  6  0  0  0
     13    3  5  1  3  0  0  0  2  1  4  6  0  0  0
     12    3  6  3  4  0  0  0  2  1  4  6  0  0  0
     11    3  6  4  1  0  0  0  2  1  4  6  0  0  0
     11    3  4  3  5  0  0  0  2  1  4  6  0  0  0
     11    3  4  2  6  0  0  0  2  2  3  6  0  0  0
     11    3  5  3  1  0  0  0  2  2  3  6  0  0  0
     11    3  3  4  5  0  0  0  2  1  4  6  0  0  0
     10    6  1  4  5  6  3  2  4  1  2  2  4  6  6
     10    6  1  5  4  6  2  3  4  1  1  4  4  6  6
     10    2  6  3  0  0  0  0  1  1  6  0  0  0  0
     10    3  5  3  6  0  0  0  2  2  3  6  0  0  0
     10    3  3  6  2  0  0  0  2  1  4  6  0  0  0
     10    3  2  4  1  0  0  0  2  1  4  6  0  0  0
     10    3  4  6  3  0  0  0  2  1  4  6  0  0  0
     10    3  4  2  3  0  0  0  2  1  4  6  0  0  0
     10    2  4  5  0  0  0  0  1  1  6  0  0  0  0
      9    6  1  6  4  5  3  2  4  1  1  1  4  6  6
      9    3  6  3  2  0  0  0  2  2  3  6  0  0  0
      9    3  3  1  2  0  0  0  2  1  4  6  0  0  0
      9    3  3  4  2  0  0  0  2  1  4  6  0  0  0
      9    2  2  5  0  0  0  0  1  1  6  0  0  0  0
      9    3  4  5  3  0  0  0  2  2  3  6  0  0  0
      8    3  2  1  6  0  0  0  2  1  4  6  0  0  0
      8    6  1  2  4  6  3  5  4  1  1  2  4  6  6
      8    4  1  6  5  4  0  0  2  1  2  5  6  0  0
      8    6  1  5  6  4  3  2  4  1  1  3  4  6  6
      8    3  3  2  1  0  0  0  2  1  4  6  0  0  0
      8    6  3  4  5  2  6  1  4  2  2  3  4  6  6
      8    3  2  4  5  0  0  0  2  1  4  6  0  0  0
      8    3  5  3  6  0  0  0  2  1  4  6  0  0  0
      8    3  5  2  3  0  0  0  2  2  3  6  0  0  0
      7    3  1  2  5  0  0  0  2  1  4  6  0  0  0
      7    3  6  5  4  0  0  0  2  2  3  6  0  0  0
      7    4  2  3  4  6  0  0  2  1  1  6  6  0  0
      7    6  4  6  2  3  5  1  4  1  1  2  4  6  6
      7    3  4  6  5  0  0  0  2  2  3  6  0  0  0
      7    3  4  3  1  0  0  0  2  1  4  6  0  0  0
      7    6  5  1  4  6  3  2  4  1  1  2  4  6  6
      6    6  1  5  3  6  4  2  4  1  1  1  4  6  6
      6    3  6  1  3  0  0  0  2  1  4  6  0  0  0
      6    4  2  6  4  3  0  0  2  1  3  5  6  0  0
      6    3  1  6  5  0  0  0  2  2  3  6  0  0  0
      6    3  3  6  5  0  0  0  2  1  4  6  0  0  0
      6    3  2  6  1  0  0  0  2  1  4  6  0  0  0
      6    3  4  3  2  0  0  0  2  1  4  6  0  0  0
      6    3  5  4  6  0  0  0  2  1  4  6  0  0  0
      6    3  5  6  2  0  0  0  2  1  4  6  0  0  0
      6    3  5  3  2  0  0  0  2  2  3  6  0  0  0
      5    3  1  4  2  0  0  0  2  1  4  6  0  0  0
      5    4  1  5  4  6  0  0  2  1  2  5  6  0  0
      5    3  6  2  1  0  0  0  2  1  4  6  0  0  0
      5    3  3  1  6  0  0  0  2  1  4  6  0  0  0
      5    3  3  4  1  0  0  0  2  1  4  6  0  0  0
      5    4  3  2  6  4  0  0  2  1  3  5  6  0  0
      5    6  2  3  6  4  5  1  4  1  2  3  4  6  6
      5    6  2  3  6  5  4  1  4  2  3  4  4  5  6
      5    6  2  4  3  6  5  1  4  1  1  4  4  6  6
      5    6  2  4  3  6  5  1  4  1  2  3  4  6  6
      5    3  4  1  3  0  0  0  2  1  4  6  0  0  0
      5    3  4  1  5  0  0  0  2  2  3  6  0  0  0
      5    3  4  3  6  0  0  0  2  1  4  6  0  0  0
      5    3  4  2  5  0  0  0  2  1  4  6  0  0  0
      4    6  1  3  6  5  2  4  4  1  1  4  4  6  6
      4    4  1  4  5  6  0  0  2  1  3  5  6  0  0
      4    6  1  4  5  3  2  6  4  2  2  4  4  5  6
      4    3  6  1  5  0  0  0  2  2  3  6  0  0  0
      4    3  6  3  5  0  0  0  2  1  4  6  0  0  0
      4    3  6  2  4  0  0  0  2  1  4  6  0  0  0
      4    3  6  5  2  0  0  0  2  1  4  6  0  0  0
      4    3  3  6  1  0  0  0  2  1  4  6  0  0  0
      4    6  2  3  4  5  6  1  4  1  2  2  4  6  6
      4    6  2  3  1  4  6  5  4  2  2  3  4  6  6
      4    3  2  1  5  0  0  0  2  1  4  6  0  0  0
      4    6  2  3  6  1  4  5  4  1  1  2  4  6  6
      4    6  2  3  4  6  5  1  4  1  4  4  4  5  6
      4    6  2  3  6  5  4  1  4  1  1  3  4  6  6
      4    4  2  4  6  3  0  0  2  2  2  5  6  0  0
      4    6  2  4  3  6  1  5  4  1  1  3  4  6  6
      4    6  4  2  3  6  1  5  4  1  2  3  4  6  6
      4    3  2  5  4  0  0  0  2  1  4  6  0  0  0
      4    3  4  1  2  0  0  0  2  1  4  6  0  0  0
      4    4  4  6  2  3  0  0  2  1  1  6  6  0  0
      4    4  4  2  3  6  0  0  2  1  2  5  6  0  0
      4    4  5  1  6  4  0  0  2  1  2  5  6  0  0
      4    3  2  1  5  0  0  0  2  2  3  6  0  0  0
      3    3  1  6  2  0  0  0  2  2  3  6  0  0  0
      3    6  1  6  2  3  5  4  4  2  3  4  4  5  6
      3    4  1  4  5  6  0  0  2  1  1  6  6  0  0
      3    6  1  5  6  4  2  3  4  2  2  3  3  6  6
      3    6  1  6  5  4  2  3  4  2  2  4  4  5  6
      3    4  6  1  3  4  0  0  3  2  3  4  6  0  0
      3    6  1  3  4  5  6  2  4  1  1  4  4  6  6
      3    5  1  3  4  5  6  0  3  1  1  4  6  6  0
      3    6  1  4  6  3  5  2  4  1  2  4  4  6  6
      3    6  1  3  4  5  2  6  4  1  2  3  4  6  6
      3    6  6  1  5  4  2  3  4  2  2  2  4  6  6
      3    6  3  5  1  6  2  4  4  1  2  3  4  6  6
      3    6  3  1  2  4  6  5  4  1  2  3  4  6  6
      3    4  3  1  4  6  0  0  2  1  4  5  6  0  0
      3    6  3  1  5  4  6  2  4  1  2  3  4  6  6
      3    6  3  6  2  1  4  5  4  1  2  3  4  6  6
      3    4  3  6  2  4  0  0  2  2  2  5  6  0  0
      3    6  3  6  4  2  5  1  4  1  1  3  4  6  6
      3    6  3  5  6  4  1  2  4  1  1  2  4  6  6
      3    4  2  3  6  4  0  0  2  1  2  5  6  0  0
      3    6  3  2  6  4  5  1  4  1  1  3  4  6  6
      3    4  3  4  5  6  0  0  2  1  3  5  6  0  0
      3    6  3  5  1  6  4  2  4  1  2  2  4  6  6
      3    4  3  5  2  4  0  0  2  2  2  5  6  0  0
      3    3  2  1  6  0  0  0  2  2  3  6  0  0  0
      3    6  2  6  3  4  5  1  4  1  1  2  4  6  6
      3    6  2  6  3  4  5  1  4  1  2  3  4  6  6
      3    4  2  6  4  5  0  0  2  1  1  6  6  0  0
      3    5  2  3  5  4  6  0  3  1  3  4  5  6  0
      3    6  2  3  5  4  6  1  4  1  1  4  4  6  6
      3    6  2  4  1  6  3  5  4  1  3  3  3  6  6
      3    6  2  4  3  5  6  1  4  1  1  4  4  6  6
      3    4  2  4  5  3  0  0  2  1  2  5  6  0  0
      3    3  2  5  6  0  0  0  2  1  4  6  0  0  0
      3    4  1  4  3  5  0  0  3  2  3  4  6  0  0
      3    6  5  3  1  2  6  4  4  1  1  3  4  6  6
      3    6  5  3  1  4  2  6  4  1  2  4  4  6  6
      3    6  5  1  4  3  2  6  4  1  3  4  4  5  6
      3    6  5  3  2  6  4  1  4  1  1  3  4  6  6
      3    2  5  2  0  0  0  0  1  1  6  0  0  0  0
      3    3  5  2  6  0  0  0  2  1  4  6  0  0  0
      3    4  2  5  6  4  0  0  2  1  2  5  6  0  0
      3    3  5  2  4  0  0  0  2  1  4  6  0  0  0
      3    4  5  6  4  3  0  0  2  2  2  5  6  0  0
      3    3  5  4  2  0  0  0  2  1  4  6  0  0  0
      2    4  1  6  3  4  0  0  2  1  1  6  6  0  0
      2    6  1  6  2  3  4  5  4  1  2  3  4  6  6
      2    6  1  6  4  5  2  3  4  1  2  3  4  6  6
      2    4  1  6  5  4  0  0  2  1  3  5  6  0  0
      2    6  1  3  6  4  2  5  4  1  2  3  4  6  6
      2    6  1  3  4  6  2  5  4  2  2  2  4  6  6
      2    6  1  3  6  4  5  2  4  1  3  4  4  5  6
      2    4  1  5  3  6  0  0  2  2  2  5  6  0  0
      2    6  1  3  2  6  4  5  4  1  2  3  4  6  6
      2    4  1  3  4  2  0  0  3  2  3  4  6  0  0
      2    6  1  3  2  6  5  4  4  1  2  4  4  6  6
      2    4  1  3  4  5  0  0  2  1  1  6  6  0  0
      2    6  1  3  6  5  4  2  4  1  2  3  4  6  6
      2    6  1  3  5  4  6  2  4  1  2  3  4  6  6
      2    6  1  2  6  5  4  3  4  2  2  3  3  6  6
      2    6  1  2  4  3  6  5  4  1  2  3  4  6  6
      2    6  1  2  4  3  6  5  4  1  1  2  4  6  6
      2    6  1  4  6  3  2  5  4  1  3  3  3  6  6
      2    6  1  4  6  2  5  3  4  1  2  2  4  6  6
      2    6  1  4  5  6  2  3  4  1  2  2  4  6  6
      2    6  1  4  5  3  6  2  4  1  3  3  4  6  6
      2    4  1  5  6  3  0  0  2  1  2  5  6  0  0
      2    6  1  5  6  3  2  4  4  1  1  4  4  6  6
      2    6  1  3  5  4  2  6  4  1  1  3  4  6  6
      2    6  1  4  5  6  2  3  4  1  2  4  4  6  6
      2    6  1  5  4  3  6  2  4  2  2  2  4  6  6
      2    3  6  3  1  0  0  0  2  1  4  6  0  0  0
      2    6  6  3  1  5  4  2  4  1  2  3  4  6  6
      2    4  6  3  5  4  0  0  2  1  3  5  6  0  0
      2    6  6  3  2  4  1  5  4  1  2  4  4  6  6
      2    6  6  2  3  4  1  5  4  1  1  1  4  6  6
      2    4  6  4  3  2  0  0  2  1  2  5  6  0  0
      2    6  3  1  2  5  6  4  4  1  2  4  4  6  6
      2    6  3  1  4  2  5  6  4  1  1  3  4  6  6
      2    6  3  1  5  2  4  6  4  1  1  3  4  6  6
      2    4  3  6  4  1  0  0  2  1  2  5  6  0  0
      2    6  3  6  4  2  1  5  4  1  1  3  4  6  6
      2    6  3  2  6  5  1  4  4  1  1  2  4  6  6
      2    6  3  5  6  2  4  1  4  1  2  3  4  6  6
      2    6  3  6  5  1  4  2  4  1  2  3  4  6  6
      2    4  3  2  1  4  0  0  2  1  2  5  6  0  0
      2    6  3  2  6  4  1  5  4  1  2  3  4  6  6
      2    4  3  2  4  1  0  0  2  1  2  5  6  0  0
      2    6  3  2  4  6  1  5  4  1  1  4  4  6  6
      2    4  3  2  4  5  0  0  2  1  2  5  6  0  0
      2    5  3  5  2  4  6  0  3  1  1  4  6  6  0
      2    6  3  2  5  4  6  1  4  1  2  4  4  6  6
      2    4  3  4  6  2  0  0  2  1  2  5  6  0  0
      2    4  3  4  6  5  0  0  2  1  3  5  6  0  0
      2    6  3  4  2  5  1  6  4  2  2  3  4  5  6
      2    6  3  5  1  6  2  4  4  1  3  4  4  5  6
      2    6  3  5  1  4  6  2  4  1  1  3  4  6  6
      2    4  3  5  6  4  0  0  2  1  2  5  6  0  0
      2    5  3  5  2  6  1  0  3  1  2  3  6  6  0
      2    6  4  3  6  5  2  1  4  1  2  3  4  6  6
      2    4  2  1  3  6  0  0  2  1  2  5  6  0  0
      2    6  2  1  6  3  4  5  4  1  1  2  4  6  6
      2    6  1  5  2  3  4  6  4  2  2  3  3  6  6
      2    4  2  1  4  3  0  0  2  1  1  6  6  0  0
      2    6  2  1  5  6  4  3  4  1  1  2  4  6  6
      2    6  2  6  1  4  5  3  4  1  3  3  4  6  6
      2    4  2  6  3  4  0  0  2  2  2  5  6  0  0
      2    4  2  3  6  5  0  0  2  1  2  5  6  0  0
      2    6  2  6  3  5  1  4  4  1  2  3  4  6  6
      2    4  2  3  1  6  0  0  2  1  2  5  6  0  0
      2    6  2  3  5  1  4  6  4  1  2  2  4  6  6
      2    6  2  3  6  4  1  5  4  2  2  3  3  6  6
      2    5  2  3  6  4  5  0  3  1  1  4  6  6  0
      2    6  3  2  1  4  6  5  4  1  2  4  4  6  6
      2    4  2  3  5  4  0  0  2  1  2  5  6  0  0
      2    4  4  6  2  1  0  0  2  1  2  5  6  0  0
      2    6  4  2  1  6  5  3  4  1  3  4  4  5  6
      2    6  4  1  6  5  3  2  4  1  1  3  4  6  6
      2    4  4  1  3  2  0  0  2  1  2  5  6  0  0
      2    4  4  1  2  6  0  0  2  1  1  6  6  0  0
      2    4  4  1  6  2  0  0  2  1  2  5  6  0  0
      2    6  4  6  5  3  1  2  4  3  3  3  4  5  6
      2    6  4  6  3  2  5  1  4  2  3  3  4  5  6
      2    4  4  6  3  5  0  0  2  1  1  6  6  0  0
      2    4  4  3  6  5  0  0  2  1  2  5  6  0  0
      2    6  4  6  2  3  1  5  4  1  3  4  4  5  6
      2    3  5  4  3  0  0  0  2  1  4  6  0  0  0
      2    6  4  5  3  1  6  2  4  1  1  2  4  6  6
      2    5  4  5  6  2  3  0  3  1  3  3  6  6  0
      2    6  5  1  6  3  4  2  4  2  2  3  3  6  6
      2    6  5  1  6  3  4  2  4  2  2  3  4  5  6
      2    6  5  1  4  6  3  2  4  1  2  3  4  6  6
      2    6  5  1  3  2  4  6  4  1  2  3  4  6  6
      2    4  5  3  1  4  0  0  2  2  2  5  6  0  0
      2    4  5  1  4  6  0  0  2  1  2  5  6  0  0
      2    6  5  1  6  4  3  2  4  1  1  2  4  6  6
      2    6  5  6  4  3  2  1  4  1  3  3  3  6  6
      2    6  5  3  6  4  2  1  4  1  1  4  4  6  6
      2    4  5  3  2  6  0  0  2  1  1  6  6  0  0
      2    6  5  3  2  4  6  1  4  1  3  3  4  6  6
      2    4  5  3  4  6  0  0  3  2  3  4  6  0  0
      2    6  5  3  2  1  4  6  4  1  1  2  4  6  6
      2    4  5  4  1  6  0  0  2  2  2  5  6  0  0
      2    5  4  5  1  6  3  0  3  1  3  3  6  6  0
      2    6  5  4  1  3  6  2  4  1  2  2  4  6  6
      2    4  5  6  4  1  0  0  2  1  1  6  6  0  0
      2    4  5  3  4  6  0  0  2  1  2  5  6  0  0
      2    6  5  3  4  6  2  1  4  1  3  4  4  5  6
      1    6  1  3  2  6  5  4  4  3  3  3  4  5  6
      1    6  6  1  4  3  5  2  4  1  2  2  4  6  6
      1    4  1  3  5  6  0  0  2  1  2  5  6  0  0
      1    6  6  3  1  4  5  2  4  1  2  3  4  6  6
      1    4  1  6  2  4  0  0  2  1  2  5  6  0  0
      1    4  3  1  6  4  0  0  2  1  2  5  6  0  0
      1    5  1  6  4  3  5  0  3  2  3  3  5  6  0
      1    6  1  6  4  2  5  3  4  1  1  3  4  6  6
      1    6  1  5  6  3  2  4  4  2  2  3  3  6  6
      1    6  1  6  3  5  4  2  4  2  2  3  4  6  6
      1    6  1  6  5  3  2  4  4  1  1  3  4  6  6
      1    6  1  3  6  5  2  4  4  1  3  3  4  6  6
      1    6  1  3  6  5  4  2  4  1  2  2  4  6  6
      1    4  1  3  2  6  0  0  2  1  2  5  6  0  0
      1    6  1  3  2  4  5  6  4  1  1  2  4  6  6
      1    6  1  3  2  4  5  6  4  1  1  3  4  6  6
      1    6  1  3  4  6  5  2  4  1  3  3  4  6  6
      1    6  1  4  3  2  6  5  4  2  3  4  4  5  6
      1    6  1  3  4  5  2  6  4  1  2  2  4  6  6
      1    6  1  3  4  5  6  2  4  1  2  2  4  6  6
      1    4  1  3  5  6  0  0  2  1  3  5  6  0  0
      1    6  1  3  5  2  4  6  4  1  2  3  4  6  6
      1    5  1  2  3  5  4  0  3  1  2  3  6  6  0
      1    6  3  1  5  4  2  6  4  2  3  4  4  5  6
      1    4  1  2  6  3  0  0  2  1  1  6  6  0  0
      1    6  1  2  6  3  5  4  4  1  1  3  4  6  6
      1    4  1  2  6  4  0  0  2  1  3  5  6  0  0
      1    6  2  1  6  4  3  5  4  1  2  3  4  6  6
      1    4  1  6  5  2  0  0  2  1  1  6  6  0  0
      1    4  1  2  3  6  0  0  2  2  2  5  6  0  0
      1    5  1  2  3  6  4  0  3  1  1  4  6  6  0
      1    6  1  2  3  4  6  5  4  1  2  3  4  6  6
      1    4  1  3  2  4  0  0  2  2  2  5  6  0  0
      1    4  1  2  3  4  0  0  2  1  3  5  6  0  0
      1    5  2  4  1  3  6  0  3  1  1  4  6  6  0
      1    6  1  4  3  2  5  6  4  1  3  3  4  6  6
      1    6  1  2  5  4  6  3  4  1  3  3  4  6  6
      1    6  2  1  5  6  3  4  4  1  2  2  4  6  6
      1    4  1  2  5  3  0  0  2  2  3  5  5  0  0
      1    6  1  2  5  3  4  6  4  1  2  2  4  6  6
      1    6  1  2  5  4  6  3  4  1  1  3  4  6  6
      1    5  1  2  5  4  3  0  3  1  2  4  5  6  0
      1    4  1  4  6  3  0  0  2  1  1  6  6  0  0
      1    6  1  4  6  2  3  5  4  2  3  4  4  5  6
      1    4  1  4  6  5  0  0  2  1  1  6  6  0  0
      1    4  1  4  3  6  0  0  2  1  2  5  6  0  0
      1    6  1  4  3  6  2  5  4  1  2  4  4  6  6
      1    6  1  4  3  6  5  2  4  1  1  3  4  6  6
      1    6  1  4  3  2  6  5  4  1  1  4  4  6  6
      1    6  1  4  3  2  5  6  4  1  3  3  3  6  6
      1    6  1  4  5  3  2  6  4  1  1  2  4  6  6
      1    4  1  4  2  6  0  0  2  1  3  5  6  0  0
      1    6  1  4  2  5  6  3  4  1  2  4  4  6  6
      1    5  1  5  3  6  2  0  3  2  2  3  5  6  0
      1    6  1  5  6  3  4  2  4  1  1  3  4  6  6
      1    4  1  5  3  4  0  0  2  1  2  5  6  0  0
      1    3  1  5  2  0  0  0  2  1  4  6  0  0  0
      1    6  1  5  3  2  4  6  4  1  1  2  4  6  6
      1    4  1  5  4  3  0  0  2  1  1  6  6  0  0
      1    6  1  5  2  4  6  3  4  1  2  3  4  6  6
      1    4  6  1  3  4  0  0  2  1  1  6  6  0  0
      1    5  6  1  3  4  5  0  3  1  1  4  6  6  0
      1    6  6  1  3  4  5  2  4  1  2  4  4  6  6
      1    6  6  1  3  5  4  2  4  2  2  4  4  5  6
      1    6  3  6  1  5  4  2  4  2  3  3  4  5  6
      1    6  6  1  3  2  5  4  4  1  1  2  4  6  6
      1    4  6  1  4  5  0  0  2  2  2  5  6  0  0
      1    6  6  1  5  3  4  2  4  1  1  3  4  6  6
      1    6  6  1  5  3  2  4  4  1  1  4  4  6  6
      1    6  6  3  1  2  5  4  4  1  1  1  4  6  6
      1    4  6  3  1  5  0  0  2  1  2  5  6  0  0
      1    6  6  3  2  4  1  5  4  1  3  3  3  6  6
      1    4  6  3  2  5  0  0  2  1  1  6  6  0  0
      1    6  3  6  2  5  4  1  4  1  2  3  4  6  6
      1    6  6  3  4  1  2  5  4  1  1  1  4  6  6
      1    4  6  3  4  2  0  0  2  1  2  5  6  0  0
      1    4  6  4  3  5  0  0  2  1  1  6  6  0  0
      1    6  6  3  4  5  2  1  4  1  1  3  4  6  6
      1    4  6  1  3  5  0  0  2  1  3  5  6  0  0
      1    6  6  5  3  4  1  2  4  1  2  3  4  6  6
      1    6  6  2  4  3  1  5  4  1  2  3  4  6  6
      1    4  6  2  3  1  0  0  2  2  2  5  6  0  0
      1    4  6  2  3  4  0  0  2  1  1  6  6  0  0
      1    4  6  4  1  3  0  0  2  1  1  6  6  0  0
      1    4  6  4  3  1  0  0  2  1  3  5  6  0  0
      1    6  6  4  3  2  1  5  4  1  1  3  4  6  6
      1    4  6  4  3  5  0  0  2  1  2  5  6  0  0
      1    4  6  4  5  1  0  0  2  1  1  6  6  0  0
      1    5  6  4  5  3  1  0  3  1  2  3  6  6  0
      1    4  4  6  5  3  0  0  2  1  3  5  6  0  0
      1    6  6  4  5  3  1  2  4  2  2  3  3  6  6
      1    4  6  5  2  4  0  0  2  1  2  5  6  0  0
      1    4  6  5  1  3  0  0  2  1  2  5  6  0  0
      1    6  6  1  5  3  2  4  4  1  2  3  4  6  6
      1    4  6  5  1  4  0  0  2  1  2  5  6  0  0
      1    6  6  5  1  4  3  2  4  1  2  3  4  6  6
      1    6  5  3  6  1  2  4  4  1  2  4  4  6  6
      1    6  6  5  1  4  3  2  4  1  1  3  4  6  6
      1    6  6  5  2  3  4  1  4  1  3  3  4  6  6
      1    4  5  6  4  1  0  0  3  2  3  4  6  0  0
      1    6  6  5  2  4  3  1  4  1  2  3  4  6  6
      1    6  6  4  2  5  3  1  4  1  3  3  4  6  6
      1    6  1  3  6  4  2  5  4  1  1  3  4  6  6
      1    6  3  1  6  4  5  2  4  1  1  3  4  6  6
      1    6  3  1  6  5  4  2  4  1  2  2  4  6  6
      1    4  3  2  1  4  0  0  2  1  3  5  6  0  0
      1    5  3  1  4  6  5  0  3  1  1  4  6  6  0
      1    6  3  1  4  5  6  2  4  1  3  3  3  6  6
      1    4  3  1  5  6  0  0  2  1  2  5  6  0  0
      1    6  3  5  1  2  6  4  4  1  2  3  4  6  6
      1    5  3  6  1  4  5  0  3  1  3  3  6  6  0
      1    6  6  3  1  5  4  2  4  2  3  4  4  5  6
      1    6  3  2  1  6  4  5  4  1  4  4  4  5  6
      1    4  3  6  2  5  0  0  2  2  2  5  6  0  0
      1    5  3  6  4  2  5  0  3  1  2  3  6  6  0
      1    6  3  6  4  1  2  5  4  1  2  3  4  6  6
      1    4  3  6  4  2  0  0  2  1  2  5  6  0  0
      1    6  3  6  2  4  5  1  4  1  3  3  4  6  6
      1    4  3  6  4  5  0  0  2  1  3  5  6  0  0
      1    5  3  1  2  4  6  0  3  1  2  3  6  6  0
      1    4  3  1  2  5  0  0  2  2  2  5  6  0  0
      1    6  3  2  1  5  6  4  4  1  2  4  4  6  6
      1    6  3  2  1  5  4  6  4  1  2  2  4  6  6
      1    4  2  3  6  1  0  0  2  1  3  5  6  0  0
      1    5  3  2  6  4  5  0  3  1  3  3  6  6  0
      1    4  2  3  6  4  0  0  2  1  3  5  6  0  0
      1    5  2  3  4  6  1  0  3  1  2  3  6  6  0
      1    5  3  4  5  2  6  0  3  1  2  4  6  6  0
      1    5  3  2  4  5  1  0  3  1  2  3  6  6  0
      1    6  3  2  4  5  6  1  4  2  2  4  4  5  6
      1    6  3  2  5  1  6  4  4  1  2  3  4  6  6
      1    6  3  2  5  4  6  1  4  1  1  2  4  6  6
      1    6  3  2  6  5  1  4  4  1  1  3  4  6  6
      1    4  3  4  1  6  0  0  3  3  3  3  6  0  0
      1    6  3  1  4  6  2  5  4  1  1  3  4  6  6
      1    5  3  4  5  2  1  0  3  1  2  3  6  6  0
      1    6  3  4  6  5  2  1  4  1  1  2  4  6  6
      1    4  4  3  2  5  0  0  2  1  3  5  6  0  0
      1    6  3  2  5  4  6  1  4  1  2  2  4  6  6
      1    6  4  1  3  5  2  6  4  1  1  3  4  6  6
      1    6  4  5  3  6  2  1  4  1  2  3  4  6  6
      1    5  3  4  2  5  6  0  3  1  2  3  6  6  0
      1    6  3  4  5  2  6  1  4  1  1  3  4  6  6
      1    4  3  5  1  6  0  0  2  1  1  6  6  0  0
      1    4  3  5  1  4  0  0  2  1  2  5  6  0  0
      1    5  3  5  1  4  6  0  3  1  2  3  6  6  0
      1    6  3  5  1  4  2  6  4  1  2  2  4  6  6
      1    6  3  6  5  1  2  4  4  1  2  3  4  6  6
      1    4  3  5  6  2  0  0  2  1  2  5  6  0  0
      1    6  5  6  3  4  1  2  4  1  3  4  4  5  6
      1    6  3  5  2  1  6  4  4  1  1  2  4  6  6
      1    6  5  2  3  4  1  6  4  1  1  3  4  6  6
      1    4  3  4  5  1  0  0  3  2  3  4  6  0  0
      1    6  3  4  5  2  1  6  4  1  2  3  4  6  6
      1    6  2  6  4  1  3  5  4  2  2  2  4  6  6
      1    5  2  1  6  4  5  0  3  1  2  3  6  6  0
      1    6  5  1  2  6  4  3  4  1  2  3  4  6  6
      1    5  2  1  3  4  6  0  3  1  1  4  6  6  0
      1    6  2  3  5  1  4  6  4  1  2  3  4  6  6
      1    5  2  1  4  6  5  0  3  1  2  3  6  6  0
      1    5  2  1  4  3  5  0  3  1  3  3  6  6  0
      1    6  2  1  4  3  5  6  4  2  2  3  4  6  6
      1    6  1  2  4  5  6  3  4  1  2  2  4  6  6
      1    6  2  6  1  3  5  4  4  2  2  4  4  5  6
      1    4  4  2  6  1  0  0  2  1  2  5  6  0  0
      1    6  2  6  3  1  4  5  4  1  4  4  4  5  6
      1    5  2  6  5  3  4  0  3  2  2  3  5  6  0
      1    6  2  6  4  1  3  5  4  2  2  3  4  6  6
      1    6  2  6  4  5  3  1  4  1  2  2  4  6  6
      1    6  2  6  5  3  4  1  4  1  1  3  4  6  6
      1    6  2  3  1  6  4  5  4  1  2  2  4  6  6
      1    6  2  1  3  4  6  5  4  1  1  3  4  6  6
      1    5  2  3  1  4  5  0  3  1  1  4  6  6  0
      1    6  2  3  1  4  5  6  4  1  2  2  4  6  6
      1    4  2  3  1  5  0  0  3  2  3  4  6  0  0
      1    4  2  6  3  1  0  0  3  2  3  4  6  0  0
      1    6  2  3  6  1  5  4  4  1  1  2  4  6  6
      1    4  2  3  4  1  0  0  2  1  4  5  6  0  0
      1    6  2  3  4  1  6  5  4  2  4  4  4  5  6
      1    6  2  3  1  4  5  6  4  1  2  4  4  6  6
      1    4  2  5  3  1  0  0  2  1  2  5  6  0  0
      1    6  2  3  5  1  6  4  4  1  1  2  4  6  6
      1    4  2  3  5  6  0  0  2  1  3  5  6  0  0
      1    6  2  4  1  3  5  6  4  1  3  3  4  6  6
      1    6  2  6  1  4  3  5  4  1  1  3  4  6  6
      1    4  2  4  6  5  0  0  2  2  2  5  6  0  0
      1    6  2  4  6  5  1  3  4  2  2  4  4  5  6
      1    4  2  4  3  1  0  0  2  2  2  5  6  0  0
      1    5  4  2  5  1  3  0  3  1  2  3  6  6  0
      1    6  2  3  4  1  6  5  4  1  2  3  4  6  6
      1    5  2  4  3  6  5  0  3  1  1  4  6  6  0
      1    4  2  4  3  5  0  0  2  1  2  5  6  0  0
      1    4  2  4  5  6  0  0  2  1  1  5  6  0  0
      1    6  2  4  5  6  1  3  4  2  4  4  4  5  5
      1    6  5  2  4  6  3  1  4  1  2  2  4  6  6
      1    6  2  4  5  3  6  1  4  1  2  4  4  6  6
      1    5  2  4  5  3  6  0  3  1  2  3  6  6  0
      1    3  5  2  1  0  0  0  2  1  4  6  0  0  0
      1    6  5  2  1  3  6  4  4  1  1  3  4  6  6
      1    5  4  1  3  6  2  0  3  1  1  4  6  6  0
      1    6  4  1  6  3  2  5  4  1  3  3  4  6  6
      1    6  4  1  6  5  3  2  4  1  2  2  4  6  6
      1    4  1  4  2  6  0  0  2  1  2  5  6  0  0
      1    6  4  1  3  5  6  2  4  2  2  4  4  5  6
      1    6  4  1  3  2  6  5  4  1  2  3  4  6  6
      1    6  4  1  5  6  3  2  4  1  2  3  4  6  6
      1    6  4  1  2  5  6  3  4  1  1  3  4  6  6
      1    6  4  1  5  2  3  6  4  1  2  3  4  6  6
      1    6  4  6  1  3  2  5  4  1  1  3  4  6  6
      1    6  4  6  1  2  3  5  4  1  1  1  4  6  6
      1    6  4  1  5  2  6  3  4  1  2  3  4  6  6
      1    4  4  6  3  1  0  0  2  1  2  5  6  0  0
      1    5  3  4  6  1  2  0  3  1  2  3  6  6  0
      1    6  4  6  1  3  5  2  4  1  1  3  4  6  6
      1    6  4  6  3  1  2  5  4  1  2  4  4  6  6
      1    6  4  6  5  3  1  2  4  1  2  3  4  6  6
      1    6  4  6  3  5  2  1  4  1  1  2  4  6  6
      1    6  4  6  2  3  5  1  4  1  1  4  4  6  6
      1    5  4  5  6  1  3  0  3  1  1  3  6  6  0
      1    6  4  6  5  1  3  2  4  1  2  3  4  6  6
      1    6  4  6  5  3  1  2  4  2  3  3  3  6  6
      1    5  6  4  5  2  3  0  3  1  2  3  6  6  0
      1    6  4  3  1  2  6  5  4  1  1  3  4  6  6
      1    5  4  3  6  2  5  0  3  1  2  4  6  6  0
      1    6  4  3  6  5  2  1  4  2  2  3  3  6  6
      1    6  3  4  6  5  1  2  4  1  2  3  4  6  6
      1    4  4  3  2  6  0  0  2  2  2  5  6  0  0
      1    6  4  3  6  2  1  5  4  1  1  3  4  6  6
      1    6  4  3  2  6  5  1  4  1  1  3  4  6  6
      1    5  4  3  5  1  6  0  3  2  2  3  5  6  0
      1    4  4  3  5  6  0  0  2  1  1  6  6  0  0
      1    3  4  2  1  0  0  0  2  1  4  6  0  0  0
      1    6  4  2  1  3  6  5  4  1  1  3  4  6  6
      1    6  4  1  2  6  3  5  4  1  1  3  4  6  6
      1    6  2  4  1  6  5  3  4  1  2  2  4  6  6
      1    6  4  2  1  5  3  6  4  1  1  2  4  6  6
      1    6  4  2  6  3  1  5  4  1  1  3  4  6  6
      1    5  2  4  3  6  5  0  3  1  2  3  6  6  0
      1    6  4  2  6  3  5  1  4  1  1  3  4  6  6
      1    6  4  2  6  5  3  1  4  1  1  3  4  6  6
      1    5  4  2  3  6  1  0  3  2  2  3  5  6  0
      1    6  4  2  3  5  6  1  4  1  3  3  4  6  6
      1    4  4  2  5  6  0  0  2  1  2  5  6  0  0
      1    6  4  1  5  3  6  2  4  1  1  2  4  6  6
      1    5  4  5  1  2  3  0  3  1  1  4  6  6  0
      1    6  4  5  6  3  2  1  4  1  2  3  4  6  6
      1    4  5  4  6  2  0  0  2  1  2  5  6  0  0
      1    6  4  5  6  3  2  1  4  2  2  2  4  6  6
      1    5  4  5  3  1  6  0  3  1  3  3  6  6  0
      1    6  4  3  6  5  1  2  4  1  2  3  4  6  6
      1    6  4  5  3  2  1  6  4  1  2  2  4  6  6
      1    6  4  5  3  2  6  1  4  1  3  3  3  6  6
      1    6  4  5  2  1  6  3  4  1  1  3  4  6  6
      1    5  4  5  2  6  1  0  3  1  2  4  5  6  0
      1    6  4  2  5  3  6  1  4  1  2  3  4  6  6
      1    5  5  6  1  3  2  0  3  1  1  3  6  6  0
      1    6  5  6  1  2  4  3  4  1  2  3  4  6  6
      1    6  5  1  2  6  3  4  4  2  2  2  4  6  6
      1    6  5  1  4  3  6  2  4  1  2  3  4  6  6
      1    6  5  6  1  3  4  2  4  1  2  4  4  6  6
      1    4  5  6  1  4  0  0  2  2  2  5  6  0  0
      1    6  5  6  4  1  2  3  4  2  2  3  4  6  6
      1    6  5  6  3  1  4  2  4  1  1  2  4  6  6
      1    4  3  5  6  2  0  0  3  2  3  4  6  0  0
      1    4  5  6  2  4  0  0  2  1  2  5  6  0  0
      1    6  5  6  3  4  1  2  4  1  1  3  4  6  6
      1    4  6  5  4  2  0  0  2  1  3  5  6  0  0
      1    4  5  3  6  1  0  0  2  2  2  5  6  0  0
      1    4  5  3  1  4  0  0  2  1  3  5  6  0  0
      1    5  5  1  3  4  6  0  3  1  3  4  5  6  0
      1    6  5  3  1  4  2  6  4  1  2  2  4  6  6
      1    6  5  3  4  1  2  6  4  1  2  2  4  6  6
      1    4  5  3  1  6  0  0  2  1  1  6  6  0  0
      1    6  5  1  3  6  4  2  4  1  2  3  4  6  6
      1    4  5  3  6  2  0  0  2  1  1  6  6  0  0
      1    6  5  6  3  1  4  2  4  1  2  3  4  6  6
      1    6  5  3  6  4  1  2  4  1  2  2  4  6  6
      1    5  5  3  2  6  4  0  3  1  2  3  6  6  0
      1    6  5  3  4  6  1  2  4  2  2  4  4  5  6
      1    6  5  2  1  6  3  4  4  1  1  2  4  6  6
      1    6  5  6  2  4  3  1  4  1  1  2  4  6  6
      1    6  5  2  3  1  4  6  4  1  1  3  4  6  6
      1    4  5  2  6  3  0  0  2  1  2  5  6  0  0
      1    5  5  2  3  6  4  0  3  1  2  3  6  6  0
      1    6  5  2  3  4  6  1  4  1  2  3  4  6  6
      1    4  5  2  4  1  0  0  2  1  2  5  6  0  0
      1    6  2  5  3  4  6  1  4  2  3  3  4  5  6
      1    6  4  5  6  2  1  3  4  1  2  3  4  6  6
      1    4  5  1  4  3  0  0  2  2  2  5  6  0  0
      1    6  5  4  2  1  6  3  4  1  2  3  4  6  6
      1    5  5  4  1  3  2  0  3  2  3  3  5  6  0
      1    5  5  4  6  1  3  0  3  2  3  3  5  6  0
      1    6  5  4  6  1  3  2  4  1  2  4  4  6  6
      1    6  5  4  1  6  2  3  4  1  2  3  4  6  6
      1    5  5  4  6  3  2  0  4  3  3  3  4  6  0
      1    4  5  4  3  1  0  0  2  1  3  5  6  0  0
      1    6  5  4  3  1  6  2  4  1  1  3  4  6  6
      1    6  4  5  1  3  2  6  4  1  2  3  4  6  6
      1    6  4  5  3  2  6  1  4  1  2  3  4  6  6
      1    5  5  4  2  3  6  0  3  2  2  2  6  6  0
      1    4  5  4  3  2  0  0  2  1  1  6  6  0  0
      1    5  5  4  2  3  1  0  3  1  2  3  6  6  0
  0
Tweeddale_East
